0 0.0936012859375 0.7977777875000001 0.0730761046875 0.9152657203125001 0.0853912609375 1 0.20546353750000002 0.9894685671874999 0.22085742343749998 0.9260869312500001 0.2331725796875 0.8534299531249999 0.26396035156250003 0.8024153984375 0.3511923703125 0.760676303125 0.3953214640625 0.6246375703125 0.4004527578125 0.5349757203125 0.3552973453125 0.5102414375000001 0.28140672499999997 0.5427051921875 0.24959270937500003 0.5396133921875 0.23933011875000001 0.5164249796875 0.229067528125 0.419033659375 0.2341988234375 0.366473234375 0.23625131093750001 0.31700466875 0.2526714390625 0.2922703265625 0.2721703765625 0.259806571875 0.257802734375 0.24743943124999998 0.2629340296875 0.2366181609375 0.269091646875 0.1995166765625 0.30193190468750003 0.19024130625 0.2947481234375 0.17169059375 0.2629340296875 0.153139853125 0.246599925 0.141367325 0.18083330625 0.33864715156249997 0.1510718546875 0.5303380515625 0.0936012859375 0.7977777875000001
0 0.41892545312499996 0.42985493124999996 0.38095382031249997 0.398937046875 0.345034753125 0.4143959890625 0.3511923703125 0.425217259375 0.4096891046875 0.44840567187499997 0.41892545312499996 0.42985493124999996
0 0.7883787124999999 0.4514974140625 0.732871415625 0.438779453125 0.7319344640625001 0.480869425 0.7770897999999999 0.4793235546875 0.7883787124999999 0.4514974140625
0 0.58125 0.29921875 0.0734375 0.0296875
0 0.44375 0.33984375 0.04609375 0.0140625
0 0.51796875 0.4390625 0.05234375 0.04296875
0 0.3171875 0.21796875 0.07890625 0.03046875
0 0.31015625 0.43828125 0.03125 0.0296875
0 0.268065325 0.1191302 0.2875642625 0.1593234234375 0.2957743671875 0.17323649531250002 0.3204046 0.16859879375 0.2875642625 0.11140072812499999 0.28140672499999997 0.0974876859375 0.268065325 0.1191302
0 0.49296875 0.1296875 0.03828125 0.02265625
0 0.553125 0.1546875 0.04921875 0.021875