0 0.8324618359375 0.440770315625 0.6655898765625 0.444089690625 0.48100538750000005 0.546989840625 0.4045612453125 0.6830836687499999 0.405493475 0.8191775609375 0.358881221875 0.9121196546875 0.32345594843750003 0.9818261937500001 0.33822841718749996 0.9977192640625001 0.9648406140624999 1 0.9769598281249999 0.6714658921875001 0.9350087984375 0.4723042109375 0.8324618359375 0.440770315625
0 0.8800062531249999 0.14866650625 0.8417842875 0.158624565625 0.8231393859375 0.215053703125 0.7550854640625 0.23994891406250002 0.717795659375 0.26484412343749997 0.7333333125 0.301057434375 0.8585645859375 0.34450884843749996 0.9117026718749999 0.29803773906250003 0.8977189953125 0.23496988437500002 0.8800062531249999 0.14866650625
0 0.050308103125 0.6183561625 0.00183135 0.5984399812500001 0 0.679764296875 0.020476287500000002 0.6864031703125 0.050308103125 0.6183561625
0 0.287098375 0.53703178125 0.27964038593749996 0.49553976562499996 0.23209590000000002 0.4723042109375 0.16031305468749998 0.4905607359375 0.13048116875 0.5320527515625 0.18361918125 0.5718850515625 0.24141835 0.550309215625 0.287098375 0.53703178125
0 0.2787081546875 0.4291525359375 0.3393040875 0.43579128593750005 0.3719326671875 0.4075767015625 0.40176455312500003 0.379362115625 0.39057756875 0.341189475 0.320659184375 0.3428491296875 0.26379224687499997 0.37770246093750004 0.264724478125 0.40591698125000003 0.26379224687499997 0.40923635625 0.2665890125 0.40923635625 0.2787081546875 0.4291525359375
0 0.196670628125 0.2681634984375 0.192009403125 0.24824731875 0.1398036203125 0.22999085468749997 0.0745464625 0.26484412343749997 0.0820044515625 0.30799585937499996 0.12675224375 0.306336140625 0.1211587171875 0.3378701 0.1137007984375 0.364424965625 0.12861670625 0.3594459359375 0.16870327499999999 0.3428491296875 0.17056773593750002 0.31297488906250004 0.1677709734375 0.293058709375 0.196670628125 0.2681634984375
0 0 0.225011825 0.0083570734375 0.2283312 0.155651828125 0.17024240625 0.1621775171875 0.12377129687499999 0.1370069265625 0.1104938328125 0 0.160284253125 0 0.225011825
0 0.27964038593749996 0.31463454375 0.3076077390625 0.30135711249999997 0.299217590625 0.2714828734375 0.247319325 0.2844702484375 0.2386216578125 0.31297488906250004 0.2591310234375 0.3162942640625 0.27964038593749996 0.31463454375
0 0.43812205468750004 0.1553052234375 0.405493475 0.1951376171875 0.3953763421875 0.2572803984375 0.396171025 0.2615248140625 0.41201923437500004 0.2681634984375 0.487531075 0.231650509375 0.53694009375 0.2034359890625 0.5192274234375 0.17024240625 0.43812205468750004 0.1553052234375
0 0.646012815625 0.1320697015625 0.6422837484375 0.1553052234375 0.6646577171875 0.1569649109375 0.7028796796875 0.145347196875 0.7010152203125 0.1304100140625 0.6814380156250001 0.1270906390625 0.646012815625 0.1320697015625
0 0.5397367859375 0.0922373390625 0.518295190625 0.0789599703125 0.4912600703125 0.088917996875 0.446512275 0.06568247499999999 0.3859163421875 0.0607034125 0.3719326671875 0.102195428125 0.42786737343750003 0.1221116125 0.4446478140625 0.13538904375 0.45956372187500005 0.1569649109375 0.4792540578125 0.1517727578125 0.5397367859375 0.1370487921875 0.530414334375 0.11713255 0.5052437453125 0.11215358281250001 0.5397367859375 0.0922373390625
0 0.5742298984375 0.025850110937499997 0.55278823125 0.0092533046875 0.5015147515625 0.0125726796875 0.4996502890625 0.04576635625 0.5313465671875 0.0407872640625 0.547194775 0.0573840703125 0.5583816890625 0.06900181718750001 0.577026590625 0.06900181718750001 0.6161808578125 0.070661565625 0.617113159375 0.049085665625000004 0.5947392625 0.047425978125000004 0.5742298984375 0.025850110937499997
0 0.6422837484375 0.09036355 0.6422837484375 0.0955567765625 0.6525385015625 0.10883414531249999 0.67398016875 0.10883414531249999 0.7112699734375 0.10053574375 0.6991507578125 0.07730021875000001 0.6422837484375 0.09036355
0 0.8278006124999999 0.0673421625 0.8072911046875 0.0341485140625 0.7466951734375 0.030829171875 0.68982830625 0.0341485140625 0.6926250703125 0.0524050078125 0.7411017875 0.0673421625 0.7403263203125 0.068836825 0.782120515625 0.0590437578125 0.7942397296875 0.0822792796875 0.8119523296875 0.08725837187499999 0.8278006124999999 0.0673421625
0 0.788646203125 0 0.793307428125 0.0158920546875 0.8184781609374999 0.025850110937499997 0.8194103203124999 0.025850110937499997 0.8352584593750001 0 0.788646203125 0
0 0.638554825 0.017551709375 0.6627931125 0.025850110937499997 0.6627931125 0.02419045625 0.7168633578125 0.017551709375 0.6963539937500001 0.0092533046875 0.6441482109375001 0.0026145875 0.638554825 0.017551709375