0 1 0.9026429968749999 0.9172478187499999 0.8688885187500001 0.8943350140625 0.8463854890625001 0.9193307718750001 0.8383487015625001 0.87246360625 0.8013795546875 0.8964179671875 0.78530598125 0.8422603843750001 0.76119561875 0.7797708296875 0.7692324046875 0.7495674484375 0.7194042890625 0.724571690625 0.6920792 0.6641650890624999 0.6969013828125 0.578762728125 0.71779689375 0.46836452968750003 0.735477803125 0.486069871875 0.7097601078125 0.4569080484375 0.703330715625 0.41628990000000005 0.6840424140625 0.3860866 0.6920792 0.38296209062500003 0.72422635 0.3006841609375 0.7290484703125 0.2559000265625 0.74994404375 0.2798543078125 0.7917353109375 0.3173481046875 0.8094163421875 0.32255556875 0.8528149421875 0.3538003453125 0.8753179703124999 0.4381612296875 0.876925303125 0.48086240937499997 0.8351340359374999 0.461074034375 0.7933427656250001 0.5537668906250001 0.7997720984375001 0.6610405796875 0.8029868875 0.7787292734375 0.8142383390625 0.7943516625 0.8367413687499999 0.76102393125 0.8576370656250001 0.8078910968749999 0.8817474265625 0.8641316328125 0.9074651203125 0.8078910968749999 0.9492563875 0.8985009203125 0.9765814140625 1 0.9830108703124999 1 0.9026429968749999
0 0.139252809375 0.680827809375 0.10175909218750001 0.7081527765625 0.0382280609375 0.7081527765625 0.0392695375 0.7210117453125 0.0914062265625 0.7333333343749999 0.1600826609375 0.7338704703125 0.1996594109375 0.703330715625 0.178829559375 0.6872571390625 0.139252809375 0.680827809375
0 0.213198846875 0.573134728125 0.1617187265625 0.586746990625 0.1809125125 0.6181407234375 0.20590835 0.608496725 0.213198846875 0.573134728125
0 0.4235803171875 0.6406438750000001 0.3725471640625 0.627784903125 0.3010416421875 0.6369477921875 0.3090161328125 0.6583246578125 0.36421527187499997 0.671183565625 0.4235803171875 0.6406438750000001
0 0.8745465593749999 0.6117113296875 0.8703806515625001 0.5763495765625 0.8193475796874999 0.5747421203124999 0.7593749765625 0.6008032140624999 0.7433185890625 0.6261775109375 0.7943516625 0.6245702984375 0.8745465593749999 0.6117113296875
0 0.7037418390625 0.5184846125 0.6714555046874999 0.5249140046874999 0.6777045234375 0.55223909375 0.718322671875 0.5650979390625 0.7620654874999999 0.549024365625 0.7454015421875 0.5249140046874999 0.7037418390625 0.5184846125
0 0.5766796953125 0.5345581859374999 0.6048000421874999 0.540987578125 0.6412522828125 0.5345581859374999 0.6350032640625 0.5184846125 0.602717009375 0.5216992765625 0.5766796953125 0.5345581859374999
0 0.675 0.4796875 0.0625 0.021875
0 0.95 0.67265625 0.1 0.0265625
0 0.9671875 0.71640625 0.06484375 0.03125
0 0.3058916234375 0.5104478234375 0.2527755171875 0.5249140046874999 0.2704809390625 0.5570611546875 0.3527587890625 0.5763495765625 0.3538003453125 0.5795641812500001 0.3517173125 0.573134728125 0.41941433124999994 0.5634906078124999 0.4235803171875 0.5249140046874999 0.363173715625 0.51205515625 0.3058916234375 0.5104478234375
0 0.3142235953125 0.439724075 0.30797465625 0.4268652265625 0.26319044375 0.422043165625 0.23402869843750002 0.43811673906250004 0.2725638921875 0.4590123765625 0.25381699375 0.4734785546875 0.245052059375 0.4923694796875 0.3517173125 0.5008036437500001 0.3819206140625 0.49598158281250004 0.3715056875 0.471871221875 0.3142235953125 0.439724075
0 0.22048926249999998 0.3448899609375 0.178829559375 0.35292675 0.1611242171875 0.36417826249999996 0.15175076875 0.3995401375 0.207991384375 0.401147471875 0.2506925640625 0.378644503125 0.2288212359375 0.36257092968750004 0.22048926249999998 0.3448899609375
0 0.45794960468749996 0.33524584062499996 0.4214973640625 0.34971208125 0.417331378125 0.36417826249999996 0.377754628125 0.37703711093750003 0.39233553906249996 0.3995401375 0.4338541421875 0.40401606562500003 0.500650784375 0.39793280468750003 0.5464764734374999 0.385073896875 0.5225221125 0.3545341421875 0.45794960468749996 0.33524584062499996
0 0.959949078125 0.2613074234375 0.9273437265625001 0.2835341375 1 0.3191722671875 0.99640131875 0.274166271875 0.959949078125 0.2613074234375
0 0.993276809375 0.5168772171875 0.9682808921875001 0.5040183703125 0.9453680859375 0.4847300703125 0.9026669859374999 0.479908009375 0.9005838734375 0.4590123765625 0.7697916421875 0.472289159375 0.839135875 0.5104478234375 0.9870277906249999 0.5538464265624999 0.993276809375 0.5168772171875