0 0.0988563734375 1 0.19054629218750002 0.9903837828125001 0.18951608281250001 0.8566427921875001 0.1767130109375 0.7966171640625 0.4336793390625 0.6799727765625 0.4985834359375 0.5908121578125 0.4326490515625 0.490093734375 0.3553822140625 0.466978 0.31211281562500004 0.48679147812499995 0.2657527125 0.48514038125000003 0.2121810703125 0.4818381234375 0.1575791390625 0.5033026984375 0.0998865828125 0.551185265625 0 0.5941145390625 0 0.62053234375 0.013347709374999999 0.622183503125 0.07722159687499999 0.607323378125 0.066919353125 0.686577228125 0.0741309703125 0.765831075 0.0988563734375 0.7790401015625 0.11430974218750001 0.8104114484375 0.05970781093750001 0.917734384375 0.058677603125 1 0.0988563734375 1
0 0.2183624015625 0.38277079999999997 0.183334753125 0.3910264078125 0.16066984374999999 0.419095496875 0.17303250625 0.42074659375 0.1998183296875 0.40588647031249997 0.2173321921875 0.42735110625 0.245148221875 0.47853586875 0.23853681249999997 0.45420792343749994 0.28429678593749996 0.433955559375 0.2636922953125 0.400933115625 0.24411801406250003 0.3877241515625 0.2183624015625 0.38277079999999997
0 0.402772603125 0.38277079999999997 0.4336793390625 0.3959797625 0.454283828125 0.4356067171875 0.4793920421875 0.464521453125 0.5160972984375001 0.445513425 0.511976384375 0.419095496875 0.415135265625 0.35635280625 0.402772603125 0.38277079999999997
0 0.4367699640625 0.397630859375 0.45943495 0.42569994843750003 0.469737196875 0.4537690375 0.4862207734375 0.4570712921875 0.5181577171875 0.445513425 0.5109461765625001 0.40588647031249997 0.44913270625 0.3877241515625 0.4188562359375 0.357260728125 0.40586322968750005 0.36460841875 0.4141050578125 0.38277079999999997 0.4367699640625 0.397630859375
0 0.6747518890624999 0.63539259375 0.6799030109374999 0.6106257625 0.6417847359375 0.5462318484375001 0.643845153125 0.5346740453125001 0.6201499578125 0.48514038125000003 0.5542155734375 0.47853586875 0.53348786875 0.5284653484375 0.5665782359375 0.5594408765625001 0.6314824906250001 0.5941145390625 0.6747518890624999 0.63539259375
0 0.6500264062500001 0.853340596875 0.6984470828125 0.9458034078124999 0.7365653578125 0.9441523125 0.733474653125 0.874805234375 0.6871145515625 0.7872957125 0.71596086875 0.71959966875 0.6922656734375 0.6469503343749999 0.6098477124999999 0.6238345984375 0.5665782359375 0.7146463140625 0.5830618921874999 0.7674823 0.6180894625 0.7988535171875 0.6500264062500001 0.853340596875
0 0.919945353125 0.6684150343749999 0.8972802874999999 0.622183503125 0.8282552765625001 0.5924633171875 0.79219741875 0.5974166703125 0.747897734375 0.63539259375 0.7524471687500001 0.71617161875 0.8179530328125001 0.7509710765625 0.8632830046875 0.73776205 0.919945353125 0.6684150343749999
0 0.86946425625 0.8682007203125 0.8601922999999999 0.8087603515625 0.7839555921875 0.7674823 0.7571698484375 0.7939002281249999 0.7705627984375 0.8450849874999999 0.8457690625 0.8880141359374999 0.86946425625 0.8682007203125
0 0.9250964749999999 0.788946809375 1 0.8832508265625 0.9992726078124999 0.7740866859375 0.9117035234375 0.7278553421875 0.9003709921875 0.7509710765625 0.9250964749999999 0.788946809375
0 0.9972121906250001 0.5280695296875 0.9529125046875 0.5198139203125 0.876675796875 0.5099072125 0.8076507859375001 0.49504708906249995 0.7685022234375001 0.51320940625 0.7767440515625 0.5346740453125001 0.8748067781250001 0.6047854796875 0.9529125046875 0.622183503125 0.9972121906250001 0.61392789375 0.9910307812499999 0.5842077078125001 0.9972121906250001 0.5280695296875
0 0.680933140625 0.42569994843750003 0.6644496421875 0.4438623296875 0.7112313 0.5037128734375 0.75510943125 0.49504708906249995 0.761290684375 0.4636757421875 0.7283235312499999 0.42900220468750005 0.680933140625 0.42569994843750003
0 0.71596086875 0.3910264078125 0.6984470828125 0.40753762812499994 0.76403913125 0.44183168593750005 0.826194859375 0.42404885156249994 0.8457690625 0.409188728125 0.787046296875 0.38277079999999997 0.71596086875 0.3910264078125
0 0.5978876625 0.46039604218749997 0.6273614984375 0.44056007187499996 0.6067570078125 0.42569994843750003 0.5799711875 0.42735110625 0.5978876625 0.46039604218749997
0 0.5387622078125001 0.40753762812499994 0.559366696875 0.369561834375 0.4769487359375 0.3431438421875 0.4574961125 0.34694719531249996 0.472827821875 0.36625957656249997 0.501674140625 0.40258427656249995 0.5387622078125001 0.40753762812499994
0 0.94776138125 0.3480971953125 0.8941897390625 0.331585975 0.8684341265625 0.3464460984375 0.8746153796874999 0.3728640265625 0.9121586562499999 0.382013203125 0.9827889515624999 0.376166284375 1 0.3745151875 0.9992726078124999 0.36460841875 0.94776138125 0.3480971953125
0 1 0.49504708906249995 0.987940075 0.4389089109375 0.9533745250000001 0.44183168593750005 0.9529125046875 0.45046677968750004 0.9724867078124999 0.490093734375 1 0.49504708906249995
0 0.6531171109375 0.3844218953125 0.6685704796875 0.3877241515625 0.6860842640625 0.37946854218750004 0.67578201875 0.36295731875000004 0.6541473984375 0.36625957656249997 0.6531171109375 0.3844218953125
0 0 0.4306533015625 0.0102570046875 0.4818381234375 0.011287290625 0.47853586875 0.0226197453125 0.42404885156249994 0.0020152546875 0.38937525 0.0081965859375 0.3464460984375 0.0380731125 0.336539390625 0.041163739062499996 0.2985635328125 0.026740657812500002 0.267192253125 0.004075671875 0.27214560468750004 0 0.28700572968750004 0 0.4306533015625
0 0.25957138125 0.28865682656249997 0.25545046875 0.27214560468750004 0.23896689218749997 0.26223889843750003 0.2090903640625 0.24737877187500001 0.183334753125 0.2523321265625 0.155518721875 0.267192253125 0.1462466859375 0.29195908125000003 0.15352908437499999 0.31188119062499997 0.1977579109375 0.3101214015625 0.20806015625000002 0.28865682656249997 0.231755271875 0.29526133906249996 0.25957138125 0.28865682656249997
0 0.33515625 0.3140625 0.046875 0.025