0 0.47644926718749997 0.761768521875 0.33086332343749997 0.8151327125 0.27434166875 0.9073074296874999 0.36017126718750003 1 0.6186095828125 0.9930136015625 0.6528650984375 0.8814337468750001 0.577503065625 0.761768521875 0.47644926718749997 0.761768521875
0 0.11505359531249999 0.634017615625 0.1715751203125 0.6954674265625 0.26406504062499997 0.732660690625 0.4147893640625 0.703552921875 0.46274700781250006 0.6372518265625 0.3034589359375 0.5968243515625 0.11505359531249999 0.634017615625
0 0.4079382359375 0.48362742187499996 0.37882096718749997 0.5046496968749999 0.433629871875 0.562865296875 0.447332 0.5596310875 0.4415417171875 0.5579798 0.531258040625 0.5515455921875 0.5500985484375 0.4803932125 0.490151396875 0.4529025796875 0.4079382359375 0.48362742187499996
0 0.2520756609375 0.4157092546875 0.2041178859375 0.44158287500000004 0.2041178859375 0.47069064374999997 0.24239824843750002 0.4933333359375 0.336001571875 0.4739248546875 0.358267709375 0.444817084375 0.312022815625 0.42217767500000003 0.2520756609375 0.4157092546875
0 0.091074709375 0.39792119062500003 0.11676634687500001 0.42217767500000003 0.1544473625 0.42217767500000003 0.159585740625 0.42217767500000003 0.1578729921875 0.41894346406249994 0.16645998906249998 0.4212598609375 0.3291505734375 0.3995382640625 0.37539546874999996 0.380133125 0.3514165796875 0.35264242968750004 0.336001571875 0.32030045 0.257213909375 0.32676880937499997 0.2126817640625 0.3477911453125 0.1287557234375 0.376898915625 0.091074709375 0.39792119062500003
0 0.7110995015625 0.2265087234375 0.7025356234375 0.25238228125 0.7248017609375 0.27340455625 0.7847489140625 0.296043965625 0.783036034375 0.2863413359375 0.7847489140625 0.2895755453125 0.8241428093750001 0.2669361984375 0.851547065625 0.2459138609375 0.78646179375 0.2281257953125 0.7110995015625 0.2265087234375
0 0.6785567343750001 0.378515990625 0.6321198765625 0.35191919375 0.608332953125 0.36719628437499996 0.608332953125 0.3995382640625 0.6665673578125 0.39792119062500003 0.6785567343750001 0.378515990625
0 0.28633117812500003 0.23297708125 0.336001571875 0.257233565625 0.42506599375 0.260467775 0.4284914921875 0.23621129062500001 0.3736827171875 0.23621129062500001 0.28633117812500003 0.23297708125
0 0.74140625 0.21328125 0.06875 0.01328125
0 0.72421875 0.190625 0.0765625 0.01640625
0 0.65234375 0.103125 0.053125 0.01640625
0 0.69921875 0.175 0.07578125 0.01015625
0 0.684375 0.15859375 0.0359375 0.009375
0 0.378125 0.18125 0.096875 0.01875
0 0.53828125 0.2515625 0.08203125 0.025