0 0.86484375 0.18125 0.121875 0.178125
0 0.6828125 0.23125 0.08984375 0.025
0 0.5484375 0.35703125 0.1 0.06171875
0 0.646875 0.44375 0.11796875 0.0515625
0 0.32890625 0.40390625 0.1296875 0.03125
0 0.18359375 0.2828125 0.1296875 0.04140625
0 0.27734375 0.21640625 0.09375 0.028125
0 0.403125 0.1421875 0.11640625 0.0734375
0 0.0453125 0.55078125 0.05078125 0.0671875
0 0.02265625 0.40390625 0.04140625 0.03828125
0 0.78671875 0.103125 0.0296875 0.05546875
0 0.8328125 0.0359375 0.07578125 0.0296875
0 0.890625 0.015625 0.0625 0.03125