0 0.2140625 0.68984375 0.13125 0.0765625
0 0.38671875 0.74296875 0.11171875 0.1515625
0 0.21484375 0.946875 0.08046875 0.09765625
0 0.46875 0.91015625 0.121875 0.10390625
0 0.9015625 0.90703125 0.15390625 0.1859375
0 0.809375 0.6109375 0.0953125 0.146875
0 0.634375 0.6453125 0.14921875 0.084375
0 0.6140625 0.5375 0.10546875 0.08515625
0 0.5828125 0.46015625 0.13828125 0.05078125
0 0.42890625 0.43828125 0.12578125 0.09453125
0 0.0296875 0.40703125 0.05859375 0.0515625
0 0.13515625 0.3140625 0.02890625 0.0546875
0 0.55703125 0.31875 0.040625 0.04765625
0 0.48359375 0.30625 0.03203125 0.03125
0 0.165625 0.2703125 0.03828125 0.03515625
0 0.6203125 0.32109375 0.065625 0.03671875
0 0.68984375 0.409375 0.09609375 0.040625
0 0.68828125 0.3640625 0.0359375 0.03828125
0 0.67890625 0.33125 0.021875 0.0203125
0 0.76484375 0.29140625 0.0484375 0.0453125
0 0.6609375 0.25859375 0.0421875 0.03984375
0 0.56640625 0.25546875 0.07578125 0.02734375
0 0.45390625 0.228125 0.059375 0.01484375
0 0.5796875 0.159375 0.01640625 0.04609375
0 0.6203125 0.14609375 0.0296875 0.04375
0 0.675 0.14609375 0.02734375 0.02734375
0 0.49921875 0.20546875 0.03046875 0.01796875
0 0.70390625 0.1921875 0.01953125 0.0265625
0 0.73515625 0.1875 0.02578125 0.0453125
0 0.72265625 0.125 0.0296875 0.025
0 0.675 0.1046875 0.04375 0.02421875