0 0 0.7247238984375 0.0784407328125 0.7007322312500001 0.11517540468750001 0.7264375609375 0.12228531093749999 0.770993571875 0.1827196359375 0.812121996875 0.1815346671875 0.800126228125 0.2704087 0.7761345609375 0.316623215625 0.7470019031249999 0.326103059375 0.7178691171875 0.3640227015625 0.7041596859375 0.400757284375 0.6955912421875 0.40549725 0.652749025 0.3521728296875 0.61847525 0.3106982796875 0.582487815625 0.2348590859375 0.573919371875 0.1542799265625 0.5876288015625 0.1578349234375 0.570491915625 0.1104354390625 0.558496146875 0.0488160546875 0.560209809375 0.036966184375 0.5876288015625 0.06303595468749999 0.596197246875 0.07488582499999999 0.5996247015625 0.029856278125000003 0.6424669187500001 0 0.67674069375 0 0.7247238984375
0 0.4232720578125 0.60819314375 0.4469717984375 0.5499277031250001 0.478966415625 0.5190812546875 0.5074061234375 0.524222371875 0.5773203828125 0.548214040625 0.6081300296875 0.539645596875 0.707668875 0.5122265374999999 0.7301837390625 0.477952765625 0.7681032906249999 0.447106315625 0.8320925234375001 0.4419652625 0.917411740625 0.453961228125 0.9565161703125 0.46595693125000004 0.9778459749999999 0.4505337046875 0.9446662984374999 0.43339681875 0.9659961046875001 0.39912304375 0.9885109671875 0.385413678125 1 0.36142188124999997 0.9636261656249999 0.3494261125 0.9280765515624999 0.35799455468749997 0.8794920078124999 0.3734177140625 0.8261675859375 0.385413678125 0.7242588046875 0.376845234375 0.6247198671875 0.3682767921875 0.558360515625 0.3699903234375 0.5074061234375 0.37855876718750003 0.43512192812499995 0.39912304375 0.3462478953125 0.429969428125 0.25263389375 0.4402516 0.180349696875 0.4419652625 0.1116204078125 0.4625296703125 0.103325534375 0.4762390359375 0.147170021875 0.48480747968750004 0.18864457031249998 0.4762390359375 0.1993094734375 0.49508965156249995 0.1839046046875 0.5105128109375 0.1815346671875 0.5310771546875 0.20167941093750003 0.541359259375 0.2514489234375 0.539645596875 0.27988854218750003 0.5499277031250001 0.2743703421875 0.561335903125 0.35691270468749997 0.596197246875 0.38772244218749996 0.6133341328124999 0.4232720578125 0.60819314375
0 0.5619155140625 0.5876288015625 0.499555528125 0.5763219890625 0.5157009968749999 0.6167615875 0.5536206406249999 0.6133341328124999 0.5619155140625 0.5876288015625
0 0.7598084171874999 0.5773466953125 0.6519745171875 0.572205578125 0.6225184921875 0.5913080734375 0.6709343828125001 0.60819314375 0.7124089312499999 0.6013383640625001 0.7598084171874999 0.5773466953125
0 0.68752413125 0.7161554546875 0.589170253125 0.6973049062500001 0.5915401921875 0.7761345609375 0.6235348078125 0.7761345609375 0.68752413125 0.7161554546875
0 0.4469717984375 0.813835790625 0.37705754062499997 0.794985109375 0.39009238125 0.829258884375 0.41971705937500003 0.8344000015624999 0.4469717984375 0.813835790625
0 0.3948323484375 0.767566115625 0.456451640625 0.7658524546875001 0.47422645 0.7298650171875 0.42208699687499995 0.7058733484374999 0.36029626875 0.7240419640625 0.358097765625 0.7298650171875 0.362837640625 0.7607113359375 0.3948323484375 0.767566115625
0 0.375872571875 0.9475034296875 0.43156693125 0.9098023312500001 0.418532090625 0.8481095640625 0.298848409375 0.8481095640625 0.278703575 0.9200844375000001 0.30951322187499997 0.9457897687499999 0.375872571875 0.9475034296875
0 0.5062211546875 0.8515368875 0.537030803125 0.8052673468749999 0.475851825 0.7925497765625 0.4754114171875 0.7984125640624999 0.46711654375 0.8378273281249999 0.5062211546875 0.8515368875
0 0.572580415625 0.933794 0.558360515625 0.89780643125 0.48252141406250004 0.9200844375000001 0.46593157500000004 0.9646403171875001 0.5062211546875 0.9526445484374999 0.572580415625 0.933794
0 0.7681032906249999 0.5653509265625 0.757438478125 0.5327908156250001 0.7147788703125 0.546500246875 0.7112238734375 0.5499277031250001 0.7420336109375001 0.5773466953125 0.7681032906249999 0.5653509265625
0 0.7621783546875001 0.6373258015625 0.7313686171875 0.6373258015625 0.7005590609375 0.6510353624999999 0.6847407140625 0.6662384953125 0.6981891234375001 0.6887364625 0.7195187468750001 0.6887364625 0.7550683593749999 0.652749025 0.7621783546875001 0.6373258015625
0 0.78515625 0.3125 0.06796875 0.015625
0 0.80390625 0.60390625 0.05703125 0.0296875