0 0.5563446046875 0.684978 0.4930218671875 0.60888221875 0.46386007500000004 0.5829771359375 0.4122020703125 0.6121202328125 0.388872609375 0.678501728125 0.392205396875 0.7367879171875 0.4255331625 0.764312034375 0.4280327046875 0.864693796875 0.4263663421875 0.9585994124999999 0.44303022500000006 1 0.5438466921875 0.987742446875 0.5646765453125 0.8792653734375 0.562177003125 0.7400261109375 0.5563446046875 0.684978
0 0.276391409375 0.49069062187499995 0.24806279999999997 0.5457386750000001 0.2622271375 0.5910724468749999 0.2997208703125 0.5991677531249999 0.330549025 0.5959296171874999 0.33721460312499996 0.5878343109374999 0.331458315625 0.5889967671874999 0.3805406703125 0.570024596875 0.39637137031249997 0.5279290249999999 0.36304360468749997 0.500404965625 0.276391409375 0.49069062187499995
0 0.191405640625 0.338498815625 0.1339152375 0.377356315625 0.093921896875 0.4178328546875 0.10225383750000001 0.4421187765625 0.1762499796875 0.4433656984375 0.23723131562500002 0.4340234703125 0.29222210937500004 0.377356315625 0.258894346875 0.3482132234375 0.191405640625 0.338498815625
0 0.20390355312500003 0.2494504375 0.1489126921875 0.27535545625 0.098921046875 0.3061175875 0.0872563828125 0.338498815625 0.12141732499999999 0.351451296875 0.11999997968750001 0.3462783203125 0.188072853125 0.3061175875 0.2438968296875 0.2834507625 0.241397284375 0.25430760625 0.20390355312500003 0.2494504375
0 0.2330653453125 0.22840264999999998 0.264791646875 0.2512135921875 0.2963880796875 0.2348789171875 0.29138892968749996 0.20411672812499998 0.2397308578125 0.20411672812499998 0.2330653453125 0.22840264999999998
0 0.37304190937500004 0.26726015 0.320550721875 0.286688834375 0.3259475875 0.3469472671875 0.323050265625 0.351451296875 0.3438801171875 0.3660228734375 0.370542365625 0.3579275671875 0.38803942812500003 0.3158319953125 0.37304190937500004 0.26726015
0 0.38470664062500004 0.4664046984375 0.40137052031250003 0.42916629687499996 0.36470997031249996 0.4243090625 0.335548178125 0.4453569125 0.33471499531250004 0.451833121875 0.357211209375 0.4664046984375 0.38470664062500004 0.4664046984375
0 0.506352959375 0.5036431015625 0.4921886875 0.4680237328125 0.4605272875 0.469642834375 0.45958331562500004 0.5 0.47802435 0.5182146796875 0.4896890796875 0.516595578125 0.506352959375 0.5036431015625
0 0.620500521875 0.51497654375 0.5663429718749999 0.47935717968749997 0.5418749796875 0.5161812328125001 0.5721753046875 0.5457386750000001 0.613835071875 0.5522149421875 0.620500521875 0.51497654375
0 0.6180010421875 0.4162137578125 0.6221670125000001 0.3724991453125 0.583006853125 0.3401179171875 0.5481249796875 0.38673139375 0.5463463 0.3854516265625 0.579674065625 0.41945188906249997 0.6180010421875 0.4162137578125
0 0.45636131718749995 0.1976404859375 0.455528134375 0.23325982031249998 0.46635968281249995 0.23811699531250002 0.5263496296875 0.2348789171875 0.565509728125 0.1879261109375 0.49885419999999997 0.1652592578125 0.45636131718749995 0.1976404859375
0 0.7404805453125001 0.3789753546875 0.698820840625 0.3465941265625 0.6704921671874999 0.35307039375 0.7196506921875 0.4275471984375 0.7229834171875 0.42916629687499996 0.7529784546875 0.41297567968750004 0.7404805453125001 0.3789753546875
0 0.7421875 0.25078125 0.075 0.04296875
0 0.7229834171875 0.27535545625 0.7554780625 0.2721173203125 0.7713087 0.24459326250000002 0.742980153125 0.22840264999999998 0.715484721875 0.2494504375 0.7229834171875 0.27535545625
0 0.33125 0.10703125 0.04375 0.0515625
0 0.383040278125 0.110211140625 0.35387848437499997 0.1312589609375 0.3663763953125 0.1539258734375 0.4438634046875 0.1312589609375 0.4605272875 0.095639596875 0.43636464531249997 0.09078242187499999 0.383040278125 0.110211140625
0 0.5953125 0.0921875 0.0609375 0.0421875
0 0.84453125 0.28359375 0.0421875 0.04140625
0 0.7265625 0.13671875 0.0515625 0.06640625
0 0.42734375 0.34609375 0.04140625 0.04375
0 0.40390625 0.24609375 0.06953125 0.0421875
0 0.52578125 0.06015625 0.0328125 0.0421875
0 0.46015625 0.06953125 0.06015625 0.02890625
0 0.65859375 0.0203125 0.05703125 0.03125
0 0.922116878125 0.184687975 0.9704420328125 0.1636401890625 0.9871059125 0.12963995625 0.9971043421875001 0.0940205578125 0.9896055203125 0.032496203125 0.9404471203125 0.034115271875 0.9404471203125 0.0778299421875 0.95377815 0.11506834531250001 0.858794078125 0.08106811093750001 0.8213003453125 0.1328780296875 0.846296165625 0.178211796875 0.922116878125 0.184687975
0 0.0430970703125 0.0875442859375 0.0097693078125 0.09078242187499999 0.004770125 0.11183020937499999 0.0231249796875 0.12783171875 0.095588321875 0.10535403437499999 0.10975259687500001 0.0664965 0.0664265296875 0.0681155671875 0.0430970703125 0.0875442859375
0 0.43803107187499996 0.032496203125 0.402203703125 0.00982935 0.3938717625 0.0389724421875 0.41053564218750005 0.045448684375 0.43803107187499996 0.032496203125