0 0.43484820468749996 0.72562885 0.2801655046875 0.7106700499999999 0.131087334375 0.7937746375 0.0212401890625 0.8951624125000001 0.008688315625 0.9991694359375 0.7105868515625 1 0.6702349546875 0.90513494375 0.5984979640625 0.7887884359374999 0.43484820468749996 0.72562885
0 0 0.55775748125 0.04512329375 0.5755813953125 0.16695574375 0.5909993390625 0.27007757187500003 0.5743784125 0.3474188359375 0.531163953125 0.34853979375 0.4862874953125 0.29361622187499997 0.46966656406249996 0.1972197953125 0.45803190000000005 0.08849352187500001 0.4813011625 0.013394001562499999 0.5045704921875 0 0.5228534890625001 0 0.55775748125
0 0.8350055859375001 0.6724418609375 0.8327638437499999 0.6242411999999999 0.8181922531250001 0.5793648046875 0.7543016203125 0.531163953125 0.679201928125 0.53947441875 0.6377290734375001 0.5644058140625 0.628082934375 0.6586378734375 0.672476696875 0.6774281890625 0.7643895515625 0.6907249203125 0.8350055859375001 0.6724418609375
0 1 0.49792209375 0.90225891875 0.45803190000000005 0.841730815625 0.46800443124999996 0.8484562171875 0.4962600265625 0.9560616187500001 0.55775748125 0.9269184390625 0.58435094375 0.940369071875 0.6126066640625 1 0.6608072593750001 1 0.49792209375
0 0.7128285937500001 0.4331005046875 0.583926459375 0.37326511562500003 0.5547832796875001 0.37326511562500003 0.5626295531250001 0.40152071093749997 0.6041024078125 0.41814164062500003 0.676960184375 0.4331005046875 0.673597484375 0.44307303593749997 0.6097068515624999 0.431438371875 0.5693548703125 0.4463972359375 0.5693548703125 0.45803190000000005 0.6186739984375 0.479639096875 0.65117970625 0.517867221875 0.6747184421875 0.5278398171875 0.68144384375 0.5045704921875 0.7251584421875 0.524515621875 0.8237966968749999 0.5411365515625 0.839489071875 0.5095567578125 0.7688730374999999 0.466342365625 0.7128285937500001 0.4331005046875
0 0.3922543921875 0.37658931562500003 0.3776828875 0.394872378125 0.3563859828125 0.4065069765625 0.40386768906250003 0.426079734375 0.4628704265625 0.42312790624999996 0.4628704265625 0.40318284374999996 0.4247601859375 0.37658931562500003 0.3922543921875 0.37658931562500003
0 0.254385109375 0.340023259375 0.227483759375 0.31675399375 0.18713177812499998 0.31342979375 0.15910955625 0.3200781921875 0.17256018906249998 0.32838865781250004 0.192736221875 0.33669912343749997 0.18713177812499998 0.3516579203125 0.1613513 0.3566441890625 0.164714 0.37658931562500003 0.2230941453125 0.3845514953125 0.299220665625 0.3749272484375 0.3059459828125 0.3549821203125 0.2745610578125 0.3466716546875 0.254385109375 0.340023259375
0 0.00778955625 0.4513835015625 0.0100896609375 0.48214285781250005 0.0683175734375 0.466342365625 0.075042890625 0.44473516875 0.0402953515625 0.4463972359375 0.00778955625 0.4513835015625
0 0.0784055046875 0.39819651093749997 0.08737265 0.37658931562500003 0.0100896609375 0.3845514953125 0.0100313 0.41149330937500006 0.04253709375 0.39985864375 0.0784055046875 0.39819651093749997
0 0.08176820625 0.36163051875 0.080647334375 0.3450095875 0.005885625 0.3367940203125 0.005547728125 0.36163051875 0.0503832828125 0.3566441890625 0.08176820625 0.36163051875
0 0.04375 0.31640625 0.059375 0.0171875