0 0.4450090359375 0.7795565859375 0.37350581875 0.8765825250000001 0.2987878515625 0.998383840625 0.5649889078125 1 0.6025584609375 0.8490917687499999 0.5468101296875 0.7730881640625 0.4450090359375 0.7795565859375
0 0.6158895484375 0.4981813375 0.5746842953125 0.4593709375 0.52014795625 0.444817084375 0.5140883640625 0.48686163281250006 0.556505515625 0.50950104375 0.5795319890624999 0.5272891093750001 0.58437968125 0.6178466265625 0.5972727 0.6569696984375 0.692240459375 0.663125446875 0.7334456203124999 0.5887388578125 0.7079954390625 0.5175865374999999 0.6158895484375 0.4981813375
0 0 0.8361550484375 0.0632546640625 0.7763223140625 0.045075884375 0.7391291109375 0 0.765002671875 0 0.8361550484375
0 0.07173805625 0.65018860625 0.107878759375 0.7397979828125 0.23049938124999997 0.616229675 0.23171128125 0.5725678671875001 0.1468769765625 0.5790362859375 0.07173805625 0.65018860625
0 0.1456650765625 0.45128544374999996 0.2874596140625 0.45451965312500003 0.352903146875 0.43026316875 0.3213932796875 0.3946869796875 0.23534707500000002 0.3752817796875 0.1408173828125 0.36881342031250003 0.0075063312500000005 0.39792118906249996 0 0.435114453125 0.0014168921875 0.5269711890625 0.055983078124999995 0.49979841406250003 0.0632546640625 0.45451965312500003 0.1032479234375 0.406006684375 0.1456650765625 0.38175020000000004 0.1008241234375 0.42864609531250003 0.1456650765625 0.45128544374999996
0 0.368658125 0.36881342031250003 0.425618265625 0.355876640625 0.482578496875 0.3494082203125 0.51893605625 0.31221495625 0.417134871875 0.3154491671875 0.3238171734375 0.3251517359375 0.2898834140625 0.318683315625 0.29351920625 0.29604396718750003 0.36138663125 0.2831071859375 0.44622093593749995 0.307363671875 0.548022121875 0.275021690625 0.5795319890624999 0.25399935625 0.6243729421875 0.241062575 0.6086180546875 0.216806090625 0.65951869375 0.1990179984375 0.6437637140625 0.18446411093749998 0.6958762515625 0.17799578437500002 0.699511859375 0.1553563421875 0.66679009375 0.1537393 0.6425517203125 0.1440366375 0.6267968328125 0.158590521875 0.6086180546875 0.1569734484375 0.58801538125 0.16344183750000002 0.58680348125 0.1812299328125 0.6146776468749999 0.1941667734375 0.6001345687499999 0.2135718828125 0.5783200890625 0.20548638593750002 0.548022121875 0.216806090625 0.5359029343749999 0.24267971406250002 0.461975825 0.24267971406250002 0.3880488046875 0.24591385937500002 0.37471771875000004 0.23621129062500001 0.3250290734375 0.229742871875 0.2680688421875 0.25399935625 0.2389828671875 0.24914807187500002 0.16505575625 0.2863413359375 0.132333990625 0.289575546875 0.09112873593750001 0.299278175 0.07052615625 0.33323723125 0.0899168359375 0.3348543046875 0.132333990625 0.3154491671875 0.176060578125 0.32969697187499997 0.25594965468750003 0.36234500000000003 0.30079069999999997 0.37204763125 0.368658125 0.36881342031250003
0 0 0.35393939531249996 0.058406970312499994 0.30089525156249997 0.1008241234375 0.27017034687499997 0.2038372078125 0.24429678593749998 0.180810734375 0.221657375 0.1044598234375 0.241062575 0.0923406359375 0.229742871875 0.11779100312499999 0.2103377328125 0.1541485609375 0.20548638593750002 0.16384385625 0.16344183750000002 0.1359697828125 0.16182479375 0.066890365625 0.1763786171875 0.013565925000000001 0.2006351015625 0 0.2184232265625 0 0.35393939531249996
0 0.4474328359375 0.20872059843750002 0.42319446562499996 0.1909325015625 0.3844131046875 0.20872059843750002 0.3432078515625 0.2151890171875 0.40259188437500004 0.23944550156250002 0.424406365625 0.2345942171875 0.4474328359375 0.20872059843750002
0 0.762531778125 0.3930699046875 0.8110085234375 0.3995382640625 0.8449420984374999 0.38660148437499997 0.840094496875 0.3348543046875 0.8594852703125 0.2620848515625 0.907962015625 0.2232745140625 0.9612863609375 0.2232745140625 0.9431075812499999 0.20548638593750002 0.8546374828125 0.216806090625 0.8110085234375 0.229742871875 0.8037369390625001 0.275021690625 0.8013131359375001 0.32676880937499997 0.777074765625 0.336471440625 0.72617421875 0.33323723125 0.6716378796875 0.3461740109375 0.6801212734375001 0.3736647046875 0.7019358453125 0.4027724734375 0.6534591 0.4124751046875 0.5722604953125 0.396304115625 0.5637770078125001 0.40762375781250004 0.5821211843749999 0.442828284375 0.6716378796875 0.444817084375 0.7104192390625 0.4367315890625 0.7516243984375001 0.43026316875 0.762531778125 0.3930699046875
0 0.8291873031250001 0.545077171875 0.818279925 0.48686163281250006 0.773438971875 0.4981813375 0.764955578125 0.5386088140624999 0.7819223656250001 0.5644823718749999 0.8291873031250001 0.545077171875
0 1 0.6550399515625001 0.9987878515625 0.654949496875 0.9346241890625 0.663125446875 0.927352603125 0.802195996875 0.9624983546875001 0.9477349046875 1 1 1 0.6550399515625001
0 0.46561161718750005 0.1731444375 0.4668235171875 0.18446411093749998 0.5019691765625 0.18446411093749998 0.4987878515625 0.1842424265625 0.544386328125 0.1602076265625 0.5213598562499999 0.1537393 0.4959095828125 0.1602076265625 0.46561161718750005 0.1731444375
0 0.7819223656250001 0.1602076265625 0.7370814109375 0.1650589421875 0.7079954390625 0.18284700625 0.7275757296875 0.20040404218750002 0.7467767984375 0.2038693109375 0.7819223656250001 0.1893154265625 0.7819223656250001 0.1602076265625
0 0.7891939515625 0.1472708484375 0.8134323234374999 0.168293121875 0.840094496875 0.1521221328125 0.846154090625 0.137568309375 0.8207037250000001 0.1310998578125 0.7891939515625 0.1472708484375
0 0.835246896875 0.100374984375 0.8449420984374999 0.11654597343749999 0.88008785 0.12463146875 0.8946308359374999 0.139185353125 0.906750021875 0.148887953125 0.9140216078125001 0.1408024578125 0.9055380296875001 0.1181630484375 0.8631208765625 0.10522632812499999 0.835246896875 0.100374984375
0 0.706783446875 0.113311825 0.6692138937500001 0.1327169625 0.6776974734375 0.139185353125 0.7273860265625001 0.13595114218749998 0.7457575484375 0.15191919375000001 0.766167384375 0.1440366375 0.771015171875 0.129482815625 0.7431410046875 0.1181630484375 0.706783446875 0.113311825
0 0.8061607390625 0.0922894890625 0.7831343578125 0.1181630484375 0.7957575484375 0.1317171734375 0.8243395187500001 0.12463146875 0.831611103125 0.100374984375 0.8219157171875 0.089055340625 0.8061607390625 0.0922894890625
0 0.9988559140625 0.18446411093749998 0.991584328125 0.17799578437500002 0.9942423968749999 0.1842424265625 0.9467433749999999 0.19254960625 0.9806771328125 0.2151890171875 1 0.20872059843750002 0.9988559140625 0.18446411093749998
0 0.9927963203125 0.13595114218749998 0.9972727000000001 0.06707070937500001 0.9721935546875 0.08096984375 0.9649221546875 0.11492886875 0.968557946875 0.13595114218749998 0.9927963203125 0.13595114218749998