0 0 0.8987306046875 0.0032670187500000005 0.9919915171874999 0.031672621875 0.99650285 0.09723463125000001 0.9556356015624999 0.0875744234375 0.8165343859374999 0.038395096875 0.78650115625 0 0.795985421875 0 0.8987306046875
0 0.3624515828125 0.8924077984375 0.3044902703125 0.8718587156250001 0.2544327875 0.8987306046875 0.2070098703125 0.9287637125 0.184176634375 0.988830175 0.1868111984375 0.9935723109374999 0.38001562031249997 0.9967336515625 0.4160218859375 0.9825073718749999 0.3835284421875 0.9445706656249999 0.3624515828125 0.8924077984375
0 0.5354574000000001 0.8702780421874999 0.47134863437499996 0.8323413359374999 0.41865651875000004 0.868697371875 0.41163087656249997 0.93824798125 0.439733378125 0.9919915171874999 0.5363355890625 0.9998949921875001 0.5679508453125 0.9872495046875001 0.5776110531249999 0.9319251749999999 0.5354574000000001 0.8702780421874999
0 0.6768478953125 0.9951529812500001 0.7857448796875001 0.9998949921875001 0.7471040484375 0.9240217015625 0.6750915187500001 0.9461514578125 0.6768478953125 0.9951529812500001
0 0.87795608125 0.859213228125 0.9455777359375 0.941409321875 0.9833403109375001 0.9919915171874999 1 0.9809267015625001 0.999147971875 0.799146765625 0.9315264515624999 0.7659521921875 0.87180869375 0.814953715625 0.87795608125 0.859213228125
0 0.8983311171875 0.997630334375 0.9420648484375 0.9935723109374999 0.9218661765625 0.9635390781250001 0.8955201203125001 0.979346028125 0.8983311171875 0.997630334375
0 1 0.4719428703125 0.9930005859375 0.46878146718749997 0.9280136984375 0.4909112234375 0.9016676406249999 0.5225251234375 0.85424465625 0.539912746875 0.78311038125 0.5446548171875001 0.769937353125 0.581010853125 0.736565653125 0.5825916453125 0.642598075 0.565203903125 0.61800839375 0.584172196875 0.632630634375 0.6639020546875 0.6267904140625 0.764371521875 0.6399634421875 0.8228571921875 0.7207579921875 0.7880819484375 0.8050654296875001 0.6805946328125 0.9043021390625 0.7058857296875 1 0.6584648765625001 1 0.4719428703125
0 0.5942969031249999 0.62843170625 0.5556560046875 0.5762687203125 0.51613691875 0.614205546875 0.49857287968749997 0.660045609375 0.46081023749999994 0.6521421328125 0.4248039046875 0.61262475625 0.3685990375 0.6015598796875 0.3554260078125 0.6300124968749999 0.3633297703125 0.6379159734375001 0.406361678125 0.644238659375 0.389675828125 0.6932403015624999 0.39494509375 0.726434815625 0.430951359375 0.7454031062500001 0.4748614546875 0.72959615625 0.4906690484375 0.758048715625 0.5530214390625 0.7627907296875 0.5679508453125 0.720112009375 0.569707221875 0.6742718296875 0.5942969031249999 0.62843170625
0 0.1701253484375 0.593656403125 0.1209460546875 0.609463353125 0.1306062640625 0.5731073796875 0.1666125953125 0.555719696875 0.2201828984375 0.549396953125 0.24740714531250002 0.53675134375 0.2878044203125 0.49565329374999995 0.3422529796875 0.45929732031250003 0.405483490625 0.45771658750000005 0.430951359375 0.4340061609375 0.405483490625 0.3818432375 0.3413747234375 0.3407451875 0.2579455421875 0.34548726093750004 0.22369572031249998 0.33126098125 0.2043752375 0.3012278109375 0.183298378125 0.28700153125 0.159586953125 0.3249382375 0.1411447265625 0.366036284375 0.10426020625000001 0.38658531093750004 0.07264495 0.43558689375000004 0.0594719203125 0.5067181734374999 0.0691321296875 0.5699459765625 0.1235806875 0.6300124968749999 0.1455357359375 0.62527030625 0.173638171875 0.6189475 0.1701253484375 0.593656403125
0 0.3624515828125 0.571526646875 0.41953470781249996 0.565203903125 0.390554084375 0.4845884171875 0.35103499843749997 0.467200796875 0.2895608640625 0.51778305 0.24652895625000001 0.5762687203125 0.2517981546875 0.6047212796875 0.282535221875 0.60314055 0.2790224 0.6300124968749999 0.299221071875 0.644238659375 0.3159069203125 0.6236895734375001 0.2939518734375 0.6015598796875 0.306246646875 0.5794301234375 0.3624515828125 0.571526646875
0 0.13851009375 0.6458194500000001 0.13236270781249998 0.704305059375 0.1622215859375 0.761210059375 0.1824201890625 0.7454031062500001 0.22984310625 0.720112009375 0.227208475 0.6742718296875 0.1991060390625 0.6379159734375001 0.13851009375 0.6458194500000001
0 0.91132778125 0.42610268749999997 1 0.4181992109375 0.9982698515624999 0.2854208609375 0.8937637437499999 0.2917436046875 0.8463408921875001 0.277517384375 0.796283409375 0.28067878749999997 0.77345010625 0.30280848125 0.736565653125 0.2917436046875 0.6267904140625 0.25696836093750003 0.5653162125 0.27435598125 0.545995796875 0.223773728125 0.48803448281249995 0.203224703125 0.39582328125 0.223773728125 0.3870412640625 0.2474841546875 0.40460530156249996 0.2648718359375 0.439733378125 0.2727753109375 0.46871400156250004 0.293324334375 0.48539985156250004 0.27909805468750004 0.4915473046875 0.2538069578125 0.5099895328125 0.23641927499999998 0.5257971265625 0.2506455546875 0.5240407484375 0.2727753109375 0.5389701546875 0.2854208609375 0.5679508453125 0.293324334375 0.6355724328125001 0.2949050078125 0.637328809375 0.33916445781250004 0.6030790546875 0.3707783578125 0.569707221875 0.394488784375 0.57322004375 0.45139384375 0.604835365625 0.473523540625 0.6390851875 0.46403939375 0.70495033125 0.483007746875 0.762911709375 0.44190963749999995 0.8182384578124999 0.4150378703125 0.91132778125 0.42610268749999997
0 0.32029793125 0.268033178125 0.331714515625 0.3296803109375 0.36157339374999997 0.33126098125 0.3703554140625 0.29964708125 0.348400365625 0.26961390937499996 0.32029793125 0.268033178125
0 0.1771509921875 0.2474841546875 0.20525342656249998 0.2538069578125 0.20613168124999998 0.2538069578125 0.2315994828125 0.23800000781250003 0.20525342656249998 0.1984826 0.17890736875 0.2158702515625 0.1771509921875 0.2474841546875
0 0 0.56121643125 0.0401514734375 0.5193637203125 0.06298474375 0.4466517703125 0.06298474375 0.38658531093750004 0.12182424375 0.29964708125 0.125337065625 0.25696836093750003 0.09372181093750001 0.2474841546875 0.056837356250000005 0.30913128749999996 0.0085362171875 0.37393976093750003 0 0.3976501875 0 0.56121643125
0 0.001510609375 0.17951427656250002 0 0.18899845312500002 0.00680718125 0.2571090078125 0.04629889375 0.2316772015625 0.06386293125 0.2048054046875 0.03927335 0.1716108015625 0.001510609375 0.17951427656250002
0 0.5240407484375 0.1241899484375 0.586393071875 0.1415776 0.6355724328125001 0.1320934234375 0.6882645484375 0.147900375 0.7409566625 0.135254796875 0.7392002859375 0.11628647343750001 0.69880294375 0.0973181203125 0.6610402343749999 0.0878339734375 0.6786042734375 0.0688656203125 0.704072209375 0.05305866875 0.7146106046875 0.03092894375 0.7005593203125 0.013541292187500002 0.6627966109375001 0.021444767187499998 0.6153737609375 0.018283365625 0.5653162125 0.015121992187499999 0.5477521734375 0.004057115625 0.369477225 0.0008957125 0.24565076874999997 0.0008957125 0.25091996562499996 0.013541292187500002 0.273753203125 0.021444767187499998 0.31766329843749996 0.021444767187499998 0.3115159125 0.03725171875 0.30361208125 0.0688656203125 0.3211761203125 0.072027021875 0.339618346875 0.06728497812499999 0.36069520625 0.0325096140625 0.3940668375 0.040413090624999995 0.40460530156249996 0.06570421875 0.3817720640625 0.0894146453125 0.3536695640625 0.1052215953125 0.3422529796875 0.1542232078125 0.3536695640625 0.1905791234375 0.3879194515625 0.162126684375 0.41075268749999994 0.1178671734375 0.44675895312499997 0.10680235468749999 0.5240407484375 0.1241899484375
0 0.2561891640625 0.078349796875 0.2324777390625 0.100479521875 0.2368687484375 0.1210285453125 0.28429159843749996 0.151061746875 0.282535221875 0.177933634375 0.3255671296875 0.16054592343750002 0.3369837140625 0.1194478453125 0.32029793125 0.094156746875 0.2561891640625 0.078349796875
0 0.1455357359375 0.06728497812499999 0.1885676421875 0.10680235468749999 0.2359904921875 0.05938144375 0.22984310625 0.0325096140625 0.17188179374999998 0.03883241875 0.1455357359375 0.06728497812499999
0 0.8094564390625001 0.16054592343750002 0.849853646875 0.166868696875 0.873565071875 0.1210285453125 0.8700523171875 0.11470583125 0.8691740625 0.11628647343750001 0.8041871734375 0.0909954046875 0.769059096875 0.0878339734375 0.7795974921875 0.128932021875 0.8094564390625001 0.16054592343750002
0 0.9648981515624999 0.1415776 0.9930005859375 0.1052215953125 0.97016728125 0.0641235171875 0.9227444328125 0.034090315625 0.8990330078125 0.078349796875 0.8999111296875 0.078349796875 0.92889181875 0.1415776 0.9648981515624999 0.1415776
0 1 0 0.8849817234374999 0.0024764140625 0.9429431046875001 0.041993792187500004 0.9815839343749999 0.06728497812499999 1 0.07360769375000001 1 0
0 0.6417198187500001 0.249064884375 0.690020925 0.24274208125 0.77345010625 0.2474841546875 0.8226294671875 0.233257934375 0.80594355 0.22219305625 0.622399403125 0.2048054046875 0.6215211484375 0.2063860765625 0.6215211484375 0.22693512968750001 0.6417198187500001 0.249064884375
0 0 0.026186840625000003 0.04717708125 0.024606139062499997 0.1007474515625 0.026186840625000003 0.13215462656250002 0.0023601640625 0.04102969375 0.0008957125 0 0.0056378171875 0 0.026186840625000003
0 0.994949475 0.1465244875 0.97807118125 0.1573845515625 0.9868531984375 0.20006330156250002 0.9973915953124999 0.203224703125 0.994949475 0.1465244875