0 0.059032628125 0.4727120578125 0.025404609374999998 0.46086585468749997 0.0133946046875 0.521789090625 0.019799934375 0.5505584234375 0.0013846000000000002 0.5793278843749999 0.0013846000000000002 0.6351740671874999 0.021221203124999997 0.6283298125 0.050225273437499995 0.58609703125 0.0774479625 0.5607123406250001 0.090258621875 0.521789090625 0.059032628125 0.4727120578125
0 0.3032360234375 0.5657892640625 0.3200500796875 0.626712503125 0.3568807484375 0.650404909375 0.40972475625 0.63686641875 0.3680900984375 0.575943115625 0.3176480546875 0.5420968578124999 0.29362804531250003 0.521789090625 0.309641384375 0.4710197046875 0.363286046875 0.4422504375 0.3897080828125 0.401634903125 0.439349409375 0.3660963578125 0.4169307703125 0.2780960734375 0.3344620484375 0.24763445625 0.28001673125000004 0.2984038421875 0.2864220296875 0.3796348484375 0.2888240546875 0.4354811609375 0.255996721875 0.443942725 0.18954133906249998 0.47440434531250003 0.1639200203125 0.4760966953125 0.1214846453125 0.4524042890625 0.098265290625 0.47948126875 0.0950626109375 0.511635240625 0.10547130625000001 0.5691739046875 0.146305309375 0.5640969140625 0.176730678125 0.5184045187499999 0.2527940421875 0.5319430078125 0.3032360234375 0.5657892640625
0 0.4953960984375 0.611481725 0.4993994328125 0.5691739046875 0.46577144375 0.521789090625 0.396596578125 0.5205074015625 0.40972475625 0.5877894484375 0.442552090625 0.611481725 0.4953960984375 0.611481725
0 0.5714594609375 0.8957902765625001 0.549040821875 0.8128669203125 0.49699746874999995 0.8027130703124999 0.5074061015625 0.933021109375 0.5234194421875 0.9347135265625001 0.55304415625 0.9211749703125 0.5714594609375 0.8957902765625001
0 0.64912419375 0.9380981 0.6835528984375 0.9347135265625001 0.6835528984375 0.8551747421875 0.6755462265625 0.7807129500000001 0.6523268125 0.7519436828125 0.6419182390625 0.8128669203125 0.6323101375 0.8940979921875 0.591476134375 0.9076364171875 0.5787787609375 0.9517970421875 0.6002834578125 0.9736366453124999 0.6323101375 0.9753289328125 0.64912419375 0.9380981
0 0.7708255484375 0.5691739046875 0.7532109 0.5285583671875 0.7187821953125 0.5556353484375001 0.7259259078125 0.59027484375 0.72758958125 0.58948160625 0.751609590625 0.6047125765625 0.7708255484375 0.5691739046875
0 0.8773142796875 0.454096575 0.85249355625 0.399942615625 0.8188655671875 0.377942496875 0.7932442484375 0.399942615625 0.810858896875 0.457481215625 0.8340783125 0.5200968031250001 0.8653042765625001 0.516712165625 0.8773142796875 0.454096575
0 0.926955609375 0.594558596875 0.8965302390625001 0.5607123406250001 0.8709089203125 0.570866190625 0.88211833125 0.6182509390625001 0.917347628125 0.6622511125 0.9365635875 0.6436356328125 0.926955609375 0.594558596875
0 0.912543578125 0.931328821875 0.937364303125 0.9160979812500001 0.9245535828125 0.8636363062499999 0.9245535828125 0.8720978703125001 0.8797163046875 0.85009788125 0.8789155890625 0.8805594359375 0.8957296453125 0.9059441296875 0.912543578125 0.931328821875
0 1 0.8771748625000001 0.98700563125 0.8771748625000001 0.9661883640625 0.8737901578124999 0.959783003125 0.91271340625 0.9862050375000001 0.9685597843749999 1 0.980405921875 1 0.8771748625000001
0 0.7692242390625 0.860251734375 0.7676229296875 0.90255955625 0.7924435328125 0.919482684375 0.8068555625 0.8737901578124999 0.779632934375 0.8399439 0.7692242390625 0.860251734375
0 0.9029356 0.16809570468749999 0.8556962968749999 0.1359417671875 0.8140616390625001 0.1427110125 0.8452876015624999 0.2645575859375 0.8590590406249999 0.3217759 0.9069389343750001 0.35255780312499996 0.931759659375 0.335634675 0.926955609375 0.2510190296875 0.9029356 0.16809570468749999
0 0.49699746874999995 0.095326328125 0.5450374859375 0.127480203125 0.577064165625 0.120711021875 0.605888225 0.08517238125 0.6315095453125 0.0564030796875 0.6955629015625 0.024249109375 0.7315929156250001 0.0005567359375 0.5802668453125001 0.0005567359375 0.5426354609375 0.046249196874999995 0.42093410625 0.042864557812499995 0.34487074375 0.0022490546875 0 0 0.0077899296875 0.054710760937500005 0.1439033453125 0.051326121875 0.1759300234375 0.063172325 0.1671226390625 0.11224945625 0.225571353125 0.1545572796875 0.2600000578125 0.0648646453125 0.32645537812500003 0.0902493375 0.388106771875 0.0936339453125 0.49699746874999995 0.095326328125