0 0.192967778125 0.69674356875 0.232961159375 0.683419171875 0.28295280312500004 0.643445978125 0.2651779296875 0.62179375625 0.2129644671875 0.6151315921875 0.1974114953125 0.598476075 0.128534153125 0.5801549734375 0.0685441625 0.5968104875 0.0655555296875 0.65168539375 0.062989534375 0.656770375 0.12631225 0.6884158125 0.192967778125 0.69674356875
0 0.315169571875 0.62179375625 0.3651612171875 0.6417803859375 0.44181508750000004 0.6484426187500001 0.45736806249999995 0.6234593484375 0.3718268375 0.603472846875 0.321111084375 0.61631294375 0.3218351921875 0.6151315921875 0.310725940625 0.6151315921875 0.315169571875 0.62179375625
0 0.08520804531250001 0.531854021875 0.0585458171875 0.5601684078125 0.11520299687499999 0.576823921875 0.11187027187500001 0.5684961640624999 0.1585291046875 0.5551717046875 0.166305634375 0.526857378125 0.1374215046875 0.5052051609375 0.08520804531250001 0.531854021875
0 0.0063323546875 0.4319209359375 0 0.435252053125 0.0007777296875 0.4852185953125 0.0918735796875 0.4818874796875 0.149641753125 0.4602353265625 0.149641753125 0.435252053125 0.0063323546875 0.4319209359375
0 0.8517466718750001 0.531854021875 0.8439700578125 0.601807190625 0.8984055046874999 0.676757003125 0.9994996171875 0.7666967421875001 0.9988888625 0.7619642140625 0.9983887953125 0.6267904640624999 0.9372878953124999 0.5801549734375 0.9139583953124999 0.52852290625 0.8517466718750001 0.531854021875
0 0.33183345468750003 0.3419811390625 0.2940620578125 0.3103357 0.2207409125 0.3453122546875 0.202966121875 0.381954396875 0.22407372187500002 0.40360655 0.32405700937500004 0.43691758125 0.322946103125 0.4302553484375 0.39293435312499997 0.41193430781249996 0.41959657968749997 0.370295525 0.3607175828125 0.3519744828125 0.33183345468750003 0.3419811390625
0 0.5495749046875 0.32366009687499997 0.518468959375 0.33865002187500004 0.5218017703125 0.3619677671875 0.5473530046875 0.36363329218749996 0.6517800953124999 0.3486433703125 0.7228792546875 0.396944321875 0.775092715625 0.45024197812500005 0.8828524468750001 0.458569734375 0.8950726953125001 0.4219275921875 0.8684105531249999 0.3486433703125 0.802865853125 0.3003423515625 0.7528742078125 0.305338996875 0.605121178125 0.312001225 0.6106758046875 0.312001225 0.6128976203125001 0.312001225 0.5495749046875 0.32366009687499997
0 0.43292773437500004 0.2770246703125 0.430705834375 0.30200794375 0.448480625 0.30367346875 0.49513954218749995 0.2870179546875 0.5373546578124999 0.2653658015625 0.5218017703125 0.24371364375 0.4740319421875 0.2620346859375 0.43292773437500004 0.2770246703125
0 0.25962330312500004 0.127125078125 0.2374047921875 0.14711164375000002 0.24407041562499998 0.15710492812500002 0.3418318 0.162101603125 0.338499075 0.14711164375000002 0.34294270937500004 0.160436109375 0.39071253437500003 0.1554394 0.42292939062499996 0.1237938984375 0.3551629578125 0.1237938984375 0.25962330312500004 0.127125078125
0 0.639559846875 0.127125078125 0.55735135 0.132121659375 0.544020278125 0.162101603125 0.5740152296875001 0.1654326859375 0.6462254671875 0.1654326859375 0.635116215625 0.2087370265625 0.629561671875 0.24704469687500002 0.6851078578124999 0.25870356875 0.748430571875 0.26688775625 0.748430571875 0.26619856249999996 0.741764953125 0.263700209375 0.7473195796875001 0.263700209375 0.748430571875 0.263700209375 0.748430571875 0.265214375 0.7717599046875 0.2620346859375 0.7639834624999999 0.23871694062499998 0.7162136343750001 0.20540590937499997 0.701771740625 0.177091621875 0.7139918171875 0.1637671578125 0.729544875 0.1454460859375 0.708437190625 0.1354528359375 0.639559846875 0.127125078125
0 0.9084037671875 0.1237938984375 0.9850577218750001 0.140449415625 0.9228458328125001 0.11380061875 0.9084037671875 0.1237938984375
0 0.8684105531249999 0.0988106296875 0.8417482421875 0.0988106296875 0.8361936156249999 0.12545945625 0.862855928125 0.1204628171875 0.8650777421875 0.118797321875 0.9172912046875 0.0988106296875 0.8861852578124999 0.07216183125 0.8661885671875 0.07882403437499999 0.8684105531249999 0.0988106296875
0 0.5308333078125 0.110694965625 0.6262286921875 0.1154661421875 0.649558109375 0.0988106296875 0.5984555578124999 0.09381405312499999 0.5308333078125 0.110694965625
0 0.562905978125 0.03385413125 0.605121178125 0.0421818875 0.635116215625 0.06216851718750001 0.6562237296875 0.05050964375 0.6617783578124999 0.028857490625 0.575126140625 0.0038742203125 0.477364753125 0 0.45027775312499996 0.0191427421875 0.44959161718749996 0.0238608171875 0.4995832625 0.027191932812500003 0.562905978125 0.03385413125
0 0.3729377453125 0.0804895921875 0.348497334375 0.0754929171875 0.3629394 0.1054728609375 0.3729377453125 0.0804895921875
0 0.42292939062499996 0.063834075 0.3707158453125 0.038850804687500004 0.378492371875 0.0654996328125 0.411820134375 0.0821551453125 0.42292939062499996 0.063834075
0 0.57845895 0.0821551453125 0.5906791124999999 0.07216183125 0.5131634453125 0.062609903125 0.5251344953125 0.0838206734375 0.57845895 0.0821551453125
0 0 0.2170647828125 0.0018886375 0.263700209375 0.022499975 0.22513525156249997 0.171860259375 0.0904828734375 0.3518301453125 0.0055397796875 0.1674165421875 0.0038742203125 0.08520804531250001 0.020529734375 0 0.0904828734375 0 0.2170647828125
0 0.5195798671875 0.7650312140625 0.5318000296875 0.718395790625 0.49402863437500005 0.6884158125 0.469156140625 0.712175753125 0.4618117796875 0.7133990828125001 0.456257153125 0.7200614421875 0.447369715625 0.7533724046875 0.47514285312500004 0.7750244984375 0.5195798671875 0.7650312140625