0 0.673801228125 0.8773188984375 0.6410581265624999 0.8419314531250001 0.55569224375 0.8525476609375 0.5229492312499999 0.8737800734375 0.51242465625 0.9020901359375 0.535380090625 0.92661361875 0.6317029296875 0.9357081015625001 0.67029300625 0.919783859375 0.673801228125 0.8773188984375
0 0.7790467953125 0.8826269343750001 0.7392872515625 0.875549553125 0.7322709875 0.8932432765625 0.7521506703124999 0.926861240625 0.780994125 0.9509283828124999 0.8211449140625 0.95870999375 0.8106204296874999 0.9091675171875 0.7790467953125 0.8826269343750001
0 0.5159327890625 0.656147303125 0.4855285328125 0.6437617515625 0.445769078125 0.6437617515625 0.42004241875000004 0.6826878859375001 0.386129940625 0.677379784375 0.3089498765625 0.6632249531250001 0.29608654843750004 0.6950735046875 0.3101192546875 0.7056897796875 0.3428623546875 0.7180753296875 0.3335071578125 0.7410772234375 0.46097125156249996 0.7286916046874999 0.431736371875 0.702151021875 0.4843591546875 0.6826878859375001 0.5159327890625 0.656147303125
0 0.10547509687500001 0.594219275 0.0832565703125 0.5818337234375 0.0423277390625 0.5782949656249999 0.0119234828125 0.594219275 0.015431703124999998 0.6101437859375001 0.0271256546875 0.6366843703125 0.05402169062499999 0.627837509375 0.0774095953125 0.6101437859375001 0.09845874375 0.5995274453125 0.10547509687500001 0.594219275
0 0.1464039296875 0.5623705890624999 0.17719295468750001 0.5707338656250001 0.21422888437499998 0.5641400015625 0.2001960890625 0.5411381093750001 0.1557591265625 0.542907521875 0.1464039296875 0.5623705890624999
0 0.42472001875 0.6048355484375 0.4270587734375 0.5871418265624999 0.3584795046875 0.58178603125 0.349878709375 0.613682409375 0.38145234375000003 0.6066048937499999 0.42472001875 0.6048355484375
0 0.529965584375 0.5641400015625 0.5580310875000001 0.5623705890624999 0.612992625 0.54998496875 0.5744025484375 0.5411381093750001 0.530994125 0.5574712671875 0.5276267406249999 0.5535237265624999 0.5229492312499999 0.555293140625 0.529965584375 0.5641400015625
0 0.42004241875000004 0.48274883749999997 0.445769078125 0.4898263546875 0.48318977656250006 0.5075200765625001 0.5054083031250001 0.50398131875 0.5054083031250001 0.47921008125000003 0.42238117500000005 0.47921008125000003 0.42004241875000004 0.48097949375000004 0.42004241875000004 0.48274883749999997
0 0.673801228125 0.5977580328125 0.6450292125 0.6038903640625 0.6562603 0.6313761328124999 0.6714624734375 0.6225292703124999 0.673801228125 0.5977580328125
0 0.71940756875 0.7375384656249999 0.7311015203125 0.7127672281249999 0.66917006875 0.704248465625 0.683156425 0.7269221921875 0.71940756875 0.7375384656249999
0 0.9046875 0.65546875 0.0546875 0.01875
0 0.98359375 0.63515625 0.0328125 0.0234375
0 0.740625 0.503125 0.06796875 0.015625
0 0.25390625 0.46328125 0.028125 0.0109375