0 1 0.7517332328124999 0.971640428125 0.718380653125 0.9162058125 0.74061560625 0.8795475906249999 0.7628507421874999 0.79460761875 0.76920365625 0.6792679953125 0.7882622718750001 0.6131042812499999 0.8200267171875 0.4745180109375 0.8057328140625 0.28854415 0.7390274078125 0.1267111640625 0.718380653125 0.027465492187500003 0.715204075 0.020312660937499998 0.731086296875 0.1141936828125 0.77238005 0.2018159953125 0.8247914312500001 0.2840736265625 0.8517911609375 0.2573216875 0.8932539687500001 0.278709009375 0.9375551828124999 0.3466609734375 1 0.649762640625 0.9915547640625 1 1 1 0.7517332328124999
0 1 0.565911221875 0.9564405359375 0.54049963125 0.8625595140625 0.5325585187499999 0.771360834375 0.530970321875 0.7168205140625 0.5595583109375 0.6327745640625 0.556381853125 0.5755518328125 0.534146778125 0.7373848187500001 0.5293820640625 0.751690553125 0.4896765078125 0.6765857890625 0.4896765078125 0.254568203125 0.49761761875 0.2429448109375 0.534146778125 0.2724503015625 0.5738523328125 0.1490637890625 0.58179344375 0.095417490625 0.58179344375 0.071276684375 0.5420878890624999 0.0033246859375 0.5516172 0 0.6786750968749999 0.095417490625 0.677086778125 0.2152275703125 0.673910321875 0.35113149843749997 0.6389695421875 0.433389196875 0.6548517640625 0.4164011890625 0.6882042859374999 0.45305947812499997 0.7040865078125 0.4968706359375 0.7215569890625 0.548728684375 0.68343963125 0.58896340625 0.708851221875 0.5585638921875 0.7342628140625 0.6175748078125001 0.756497828125 0.792819434375 0.745380321875 0.992204734375 0.718380653125 1 0.6500869890625001 1 0.565911221875
0 0.6399274296875 0.4531474109375 0.559457984375 0.43408873124999997 0.2813913515625 0.44202984218749997 0.22953323593750002 0.4166183109375 0.09631158281249999 0.4452063 0.0829000078125 0.4706178921875 0.1061467234375 0.4896765078125 0.2286391453125 0.4865001140625 0.658703690625 0.4865001140625 0.6846326796875 0.464264978125 0.6399274296875 0.4531474109375
0 0.38242517187499997 0.3022663 0.3895780390625 0.3260896328125 0.43785972187500005 0.36103053281249997 0.46289462031250006 0.33085428906250003 0.446800771875 0.2943251890625 0.38242517187499997 0.3022663
0 0.12402882343749999 0.24350206718749998 0.12402882343749999 0.2593842890625 0.1857220796875 0.2720901140625 0.1857220796875 0.27050185625 0.192874946875 0.2387374109375 0.12402882343749999 0.24350206718749998
0 0.6631742140625 0.17362029375000002 0.751690553125 0.21332588125 0.7561610765625 0.1926790328125 0.67479746875 0.157738071875 0.6631742140625 0.17362029375000002
0 0.526376059375 0.2530314359375 0.4718356703125 0.184737921875 0.45753000312500003 0.1307383140625 0.42713042031250004 0.125973628125 0.3779546484375 0.1466205359375 0.40388370625 0.17044386875 0.44501252031250005 0.20062014375 0.48871001718749996 0.244444446875 0.488823678125 0.245090325 0.4915060203125 0.249854978125 0.526376059375 0.2530314359375
0 0.1061467234375 0.210149425 0.15621665625 0.2228551890625 0.16694588906250002 0.2022083140625 0.1365463046875 0.175208521875 0.10257035781249998 0.18156140625 0.1061467234375 0.210149425
0 1 0.401190478125 0.94034675625 0.40550074374999995 0.94034675625 0.427735878125 0.99756941875 0.43408873124999997 1 0.40391254375 1 0.401190478125
0 0.353813840625 0.20856125625000002 0.3171555515625 0.2037965421875 0.344872790625 0.24350206718749998 0.353813840625 0.20856125625000002
0 0.00153646875 0.1450323671875 0.047135809375 0.1450323671875 0.043559375 0.10056209687499999 0 0.1116796328125 0.00153646875 0.1450323671875
0 0.84453125 0.26015625 0.0578125 0.04296875
0 0.76484375 0.08359375 0.0265625 0.034375
0 0.9203125 0.01640625 0.15625 0.03203125
0 0.65 0.42109375 0.05234375 0.0390625