0 0.249416671875 1 0.254415759375 0.9994561687499999 0.647683334375 1 0.6993413421875 0.9827798359375001 0.7326691046875 0.8860570515624999 0.6243540015625 0.7776608859375 0.4310528765625 0.8060107296875 0.204424115625 0.9194097187500001 0.2483332953125 1 0.249416671875 1
0 0 0.7276319499999999 0.026120635937499997 0.72096151875 0.0294533609375 0.7176261109375 0.0627811234375 0.644250284375 0.154432471875 0.619235784375 0.20942333125 0.5758772796875 0.1744292046875 0.5458598921875 0.0894433078125 0.5408570046875 0.019455057812500003 0.572542 0 0.5842154453124999 0 0.7276319499999999
0 0.626020365625 0.6592589453125 0.677678371875 0.612565353125 0.6193547875000001 0.5358541171875 0.4560486984375 0.5291835593750001 0.43271936718750004 0.504169059375 0.3444007453125 0.504169059375 0.30940661875000003 0.5508627796875001 0.3610646265625 0.559200946875 0.39439238906249996 0.594221284375 0.4077235453125 0.67093251875 0.47771179531249996 0.6909440046875 0.5410345953125 0.6859411171875001 0.626020365625 0.6592589453125
0 0 0.5008337796875 0.0024999609375 0.4920833359375 0.22941993749999998 0.43579611875 0.26774691562499997 0.41078161875 0.22275435937500002 0.389102334375 0.0894433078125 0.35074678125 0.0244542734375 0.3290675609375 0 0.327399953125 0 0.5008337796875
0 0.7026743203125 0.327399953125 0.5993581796874999 0.32573228125 0.5327026546875 0.35074678125 0.5108332953125 0.3900000015625 0.612689209375 0.4224550015625 0.6893430390625 0.42078739374999996 0.7326691046875 0.3690907859375 0.7026743203125 0.327399953125
0 0.642684246875 0.24568589531249999 0.5910262390625001 0.22233900156250003 0.5077068328125 0.22233900156250003 0.43605209218749996 0.24235061562500002 0.3627309890625 0.2656975078125 0.2877435234375 0.27570328125 0.251083034375 0.30071778125000004 0.34106801875000003 0.3490791734375 0.4143889953125 0.302385453125 0.4827110109375 0.30071778125000004 0.6193547875000001 0.2790385609375 0.642684246875 0.24568589531249999
0 0.7809945125 0.32573228125 0.8426508234375 0.3324028390625 0.8359853718749999 0.2973825015625 0.755998690625 0.28070616875 0.7045832953125 0.2983333359375 0.7076732828125001 0.30071778125000004 0.7160052234375 0.3173941140625 0.7809945125 0.32573228125
0 0.99595848125 0.21900378593749997 0.9293029546874999 0.2356801203125 0.9492995625 0.2690327859375 1 0.2640298359375 0.99595848125 0.21900378593749997
0 1 0.2690327859375 0.9976249703125 0.22567428281250002 0.9359686609375 0.2356801203125 0.9343021703125001 0.2640298359375 0.9759618734375 0.27236800156249996 1 0.2690327859375
0 0.237751878125 0.2973825015625 0.236085515625 0.30071778125000004 0.1527661078125 0.3340704484375 0.1577653234375 0.3540820609375 0.237751878125 0.3474115015625 0.237751878125 0.2973825015625
0 0.2477501828125 0.1756452828125 0.2877435234375 0.16897481875 0.2644140640625 0.1506307828125 0.3260705015625 0.142292615625 0.37939487031249997 0.11561047656250001 0.3560654109375 0.09226361718750001 0.3627309890625 0.0722520359375 0.3960587515625 0.0555757015625 0.43771845468750004 0.03889936875 0.5043739796875 0.023890643750000003 0.4960420390625 0.0038790625 0.3977251140625 0.0005437828125 0.3693965671875 0.0355640890625 0.3710629296875 0.0355640890625 0.3044074046875 0.047237535937500005 0.301074678125 0.08392545 0.2944091 0.09226361718750001 0.24275109375 0.1022694859375 0.2310863 0.13895736875 0.18442750937500002 0.162304228125 0.164430775 0.1739776421875 0.1311030125 0.207330340625 0.122771071875 0.2206713953125 0.0544491828125 0.2340124484375 0.05944839843750001 0.25569166875 0.11777198281250001 0.2907120078125 0.137916628125 0.2795833359375 0.22941993749999998 0.25068878125 0.1994250265625 0.22233900156250003 0.21108969375000003 0.1889863671875 0.2477501828125 0.1756452828125
0 0.1161056203125 0.1989921734375 0.15943168593749998 0.1906539765625 0.1744292046875 0.1556337015625 0.171096353125 0.1356221515625 0.204424115625 0.12394864218749999 0.24275109375 0.0972665359375 0.266080553125 0.05891095 0.3227376484375 0.03889936875 0.3560654109375 0.012217229687500001 0.3527326859375 0 0.271079640625 0.0155524765625 0.187760234375 0.023890643750000003 0.156098834375 0.0672491171875 0.12610392343750002 0.08726072968750001 0.1044408265625 0.1122752296875 0.05944839843750001 0.12394864218749999 0.0277869984375 0.13395444843749998 0.0011248140625 0.13395444843749998 0.0044575390625 0.2356801203125 0.012916628125 0.2420833359375 0.0527828203125 0.21900378593749997 0.042784517187499996 0.1773129859375 0.0844442203125 0.1706423953125 0.1161056203125 0.1989921734375
0 0.40272432968749994 0.147295534375 0.317738559375 0.1556337015625 0.299408315625 0.187318728125 0.3227376484375 0.20232745312499997 0.35939826406250003 0.2006597828125 0.39439238906249996 0.23901533593750002 0.40272432968749994 0.2356801203125 0.3977251140625 0.2340124484375 0.4593815515625 0.217336115625 0.4610479140625 0.19398931875 0.4143889953125 0.182315809375 0.40272432968749994 0.147295534375
0 0.25608212343750003 0.1589689484375 0.21608890937499997 0.1456278953125 0.17776193125 0.1606366515625 0.1627644125 0.16897481875 0.1161056203125 0.1739776421875 0.11443913125 0.1956568953125 0.15943168593749998 0.197324503125 0.137768590625 0.21233322812500002 0.15109974531249998 0.2340124484375 0.19208329531249999 0.2170833359375 0.22275435937500002 0.1889863671875 0.28107794531249997 0.187318728125 0.286077159375 0.1589689484375 0.25608212343750003 0.1589689484375
0 0.2894098859375 0.09226361718750001 0.25608212343750003 0.11727811562499998 0.2610813375 0.1406249765625 0.2899999609375 0.1337500015625 0.3627309890625 0.12561628281249998 0.3993916046875 0.11727811562499998 0.3677302046875 0.11060765312500001 0.2894098859375 0.09226361718750001
0 0.53936810625 0.0972665359375 0.53936810625 0.0822578421875 0.5010412546875 0.0755872828125 0.4743790703125 0.07391967499999999 0.4310528765625 0.10560470156249999 0.45271597343750003 0.11727811562499998 0.49937489218750003 0.11727811562499998 0.53936810625 0.0972665359375
0 0.706007046875 0.11060765312500001 0.63601866875 0.09893414218749999 0.63601866875 0.08892836875 0.657681765625 0.057243342187500004 0.6893430390625 0.0539080625 0.7509994765625 0.048905175 0.7876599640624999 0.0272259234375 0.7759952984375 0.00888195 0.726003653125 0 0.6010245421875 0.0105495890625 0.5676967796875 0.028893562499999997 0.48771009843749996 0.0405669765625 0.4843773734375 0.06057865312500001 0.5077068328125 0.06391386875 0.5826942984375 0.06391386875 0.5843606609374999 0.085593153125 0.5543656234375 0.1022694859375 0.5360353796874999 0.1306192015625 0.5274999609375 0.1420833359375 0.5910262390625001 0.1456278953125 0.63768503125 0.13395444843749998 0.692675890625 0.13228680937499998 0.706007046875 0.11060765312500001
0 0.737916628125 0.2420833359375 0.7876599640624999 0.22900956093749997 0.76099790625 0.21566850781250002 0.7276701437499999 0.217336115625 0.737916628125 0.2420833359375
0 0.8226542171875 0.2106656203125 0.8358332953125001 0.2420833359375 0.8776450765625 0.22900956093749997 0.8726458609375 0.1956568953125 0.8293196671875 0.1906539765625 0.8226542171875 0.2106656203125
0 0.9592979921874999 0.1606366515625 0.9492995625 0.1406249765625 0.8670832953125001 0.1358333359375 0.8426508234375 0.1306192015625 0.9043071328125001 0.1706423953125 0.9592979921874999 0.1606366515625
0 0.9942922453125 0.0822578421875 0.9592979921874999 0.0655815078125 0.8593147046875 0.08392545 0.9009744078124999 0.09893414218749999 0.9759618734375 0.10560470156249999 0.9942922453125 0.0822578421875
0 0.9592979921874999 0.0272259234375 0.951285071875 0.013861210937499998 0.8576482140625 0.012217229687500001 0.8243204515624999 0.0222230359375 0.8376516078125 0.0305612015625 0.8809778015624999 0.047237535937500005 0.9193047796875 0.057243342187500004 0.9592979921874999 0.0272259234375
0 0.7576649265625 0.09893414218749999 0.7893264531249999 0.0822578421875 0.8159885109375 0.05891095 0.8009911203125 0.0372317296875 0.7376683203125001 0.05891095 0.679344734375 0.08392545 0.7026743203125 0.0972665359375 0.7576649265625 0.09893414218749999
0 0.9642972078125001 0.20899794843750003 0.9726291484375 0.1739776421875 0.9026408984375 0.1839834484375 0.8876432515625 0.1989921734375 0.9009744078124999 0.21900378593749997 0.9642972078125001 0.20899794843750003
0 0.627686728125 0.1739776421875 0.5743623578125 0.1606366515625 0.5010412546875 0.1856511515625 0.49770840156249996 0.1989921734375 0.5377017421875 0.2106656203125 0.596025328125 0.19398931875 0.656666628125 0.2212500015625 0.7626641421875 0.1906539765625 0.7743288078125 0.147295534375 0.70100783125 0.1656394765625 0.627686728125 0.1739776421875