0 0.6088136546875 0.9236276796875 0.57501795625 0.972882209375 0.5849802125 1 0.7581685968749999 0.9998926578124999 0.7200122375 0.9172723640625 0.6600522437499999 0.902972665625 0.6088136546875 0.9236276796875
0 1 0.659878153125 0.9936477421875001 0.5661358796875 0.9216958500000001 0.505759428125 0.8050462765624999 0.4962263359375 0.708020171875 0.5327699359375 0.64369951875 0.57566909375 0.665503153125 0.648756171875 0.7418158703125 0.818763425 0.826849909375 0.9013838390625001 0.9206056015625 0.8997948890625 1 0.8648401765625 1 0.659878153125
0 0.89880196875 0.1816334828125 0.8835394921875 0.15780069218749998 0.8366616453125 0.149856428125 0.7952347078125 0.16574495625000002 0.8104971843750001 0.21023285 0.8399322234375 0.2134105671875 0.8650062703125 0.2149993953125 0.8759080859375 0.2277102046875 0.8977117203124999 0.2340656390625 0.9631226203125 0.28173122031250003 0.9631226203125 0.2976197484375 0.8944413078125001 0.326219084375 0.872637675 0.3484630484375 0.8769983343750001 0.3722958390625 0.9965925875 0.484716159375 0.9969183203125 0.272198128125 0.953311053125 0.24995416874999998 0.903162628125 0.2277102046875 0.89880196875 0.1816334828125
0 0.8265625 0.3015625 0.0390625 0.0265625
0 0.872637675 0.3055640109375 0.8911707296875001 0.2992085765625 0.9107940328125 0.28173122031250003 0.8955313890625 0.256309603125 0.8602970984375 0.254466059375 0.84865354375 0.26743152187499997 0.858465278125 0.29603091875 0.872637675 0.3055640109375
0 0.6894871171875 0.3214525390625 0.709110421875 0.3452853296875 0.7767016515625 0.377062384375 0.82248925 0.3516407640625 0.7952347078125 0.3039751828125 0.717831740625 0.3055640109375 0.6894871171875 0.3214525390625
0 0.80625 0.2625 0.0234375 0.0234375
0 0.8464732140625 0.2340656390625 0.8366616453125 0.222943659375 0.82758618125 0.2385867421875 0.8464732140625 0.2340656390625
0 0.97109375 0.17578125 0.0578125 0.05625
0 0.5771983703125 0.567724709375 0.4452864015625 0.5264145640625 0.3384485625 0.510526034375 0.2828493140625 0.5693135375 0.25886526718749997 0.6805332265625 0.27521799062499996 0.7663313578125 0.32645657968749997 0.782219884375 0.372244178125 0.774275621875 0.43220417031249997 0.7853975421875 0.4823525125 0.7647424078125 0.5695670484375001 0.732965353125 0.5990020031250001 0.637634253125 0.5771983703125 0.567724709375
0 0.1116907375 0.996715 0.11714164687499999 0.868017834375 0.1302238765625 0.774275621875 0.114961315625 0.7520316593749999 0.07462462656249999 0.8028748968749999 0.0026725703125 0.9220388515625 0.0004922390625 0.9998926578124999 0.0735343796875 0.996715 0.1116907375 0.996715
0 0.17165073125000002 0.534358825 0.18037221718750002 0.48510435625000004 0.14112569375 0.4533273015625 0.0811657 0.45650502031249995 0.022295871875 0.50734831875 0 0.5327699359375 0.0016355203125 0.6137356109375001 0.0473700859375 0.6169791171875 0.0811657 0.6582893249999999 0.137855115625 0.6058571984375 0.17165073125000002 0.534358825
0 0.2359714671875 0.4898709015625 0.208716925 0.5168814109375 0.22288932031250003 0.5423030890625 0.264316175 0.539125371875 0.2937511296875 0.505759428125 0.2806689 0.48510435625000004 0.2359714671875 0.4898709015625
0 0.10623982968750001 0.40407289375 0.137931009375 0.41127431718749996 0.1890937046875 0.3754735546875 0.17165073125000002 0.356407309375 0.119322059375 0.377062384375 0.10623982968750001 0.40407289375
0 0 0.3914251703125 0.08443619687500001 0.35958502812500004 0.0702638828125 0.3357522375 0.0462798359375 0.32939680312499997 0 0.350051875 0 0.3914251703125
0 0 0.29603091875 0.002998475 0.317983328125 0.0593620671875 0.2880866578125 0.0757147921875 0.26743152187499997 0.0212057078125 0.28332005 0 0.29603091875
0 0.21089733906250002 0.18640005937499998 0.24033221093749998 0.15938955 0.24905369687499998 0.1307902140625 0.22506965 0.129201415625 0 0.2324768125 0.040828928125000004 0.23565446875 0.10951040781250002 0.21976594062500002 0.13240420625 0.216588284375 0.137931009375 0.2445414875 0.182552546875 0.2451876203125 0.20435618125000002 0.2277102046875 0.1890937046875 0.2181771140625 0.21089733906250002 0.18640005937499998
0 0.25234375 0.346875 0.06171875 0.03828125
0 0.36484375 0.33125 0.06484375 0.059375
0 0.26328125 0.29765625 0.0484375 0.03125
0 0.4625 0.4046875 0.071875 0.034375
0 0.57578125 0.40703125 0.0796875 0.0421875
0 0.50078125 0.33359375 0.071875 0.04296875
0 0.4082202078125 0.2451876203125 0.4104005375 0.27060924062499997 0.4638194578125 0.2912643125 0.5085168906249999 0.2912643125 0.513967796875 0.2753757859375 0.4987052390625 0.2626649765625 0.46272929218750003 0.26584269374999997 0.47254094375 0.24042107499999998 0.45945871406250005 0.226121375 0.430023840625 0.2181771140625 0.4082202078125 0.2451876203125
0 0.504156146875 0.16574495625000002 0.47036053125 0.1705115328125 0.4812623484375 0.19911086875 0.5128776328125 0.2006997875 0.5728376265625 0.20864405000000003 0.5902805171875001 0.189577746875 0.5597554796875001 0.16574495625000002 0.504156146875 0.16574495625000002
0 0.5902805171875001 0.15621186250000002 0.5957314265625 0.17527807812500001 0.6231429484375 0.17705438906249998 0.6698638125 0.168922734375 0.6938477765625 0.149856428125 0.6600522437499999 0.1419121640625 0.5902805171875001 0.15621186250000002
0 0.694938025 0.1705115328125 0.725364565625 0.190948790625 0.7527176875 0.19593318125 0.7516274390625 0.17368921875 0.7287335578125 0.16097846875 0.694938025 0.1705115328125
0 0.7483568625 0.1419121640625 0.6971183546875 0.146678740625 0.7102005015625 0.16574495625000002 0.735274715625 0.15780069218749998 0.7483568625 0.1419121640625
0 0.7647095875 0.138734478125 0.7320041359375 0.1133128890625 0.742905953125 0.09583544375 0.716741659375 0.079946915625 0.681855878125 0.09265775468750001 0.6665932359375 0.1037797046875 0.6218958015625 0.1149016875 0.5793787 0.12284595000000001 0.5891903515625 0.1419121640625 0.6426092718749999 0.135556759375 0.6905772 0.1371456796875 0.7418158703125 0.135556759375 0.7647095875 0.138734478125
0 0.5434027546875 0.1482676 0.554304571875 0.15780069218749998 0.582649278125 0.1530342078125 0.5815591125 0.1339679015625 0.561935809375 0.135556759375 0.5434027546875 0.1482676
0 0.5652063890625 0.10854628125000002 0.5400027015625 0.11949186249999999 0.57501795625 0.12284595000000001 0.61208415 0.1069574234375 0.594641259375 0.10219087812500001 0.5652063890625 0.10854628125000002