0 0.6583394515625 0.8960634328125 0.7091121359375 0.8925891171875 0.7234327390625 0.8508983890625 0.6908860953125 0.7953105328125 0.6323021375 0.797047625 0.5893405281249999 0.8422128000000001 0.5867368359375 0.8404755749999999 0.6023591859375 0.8752179359375001 0.6583394515625 0.8960634328125
0 0.4031737875 0.7762022609375 0.474776403125 0.7623052625 0.5268510328125 0.7414599 0.5346622062499999 0.7119290125 0.4903987515625 0.6685010609375001 0.37843831875 0.6858722421875 0.3095702828125 0.7078993078125 0.3120431859375 0.7484083984375001 0.34068419375 0.7709908546875 0.4031737875 0.7762022609375
0 0.15451735312499998 0.6354956609375 0.13108382968750001 0.6181244796875001 0.0738017171875 0.6163875187500001 0.0061047390625000005 0.6424442906250001 0 0.6980319500000001 0.0386513828125 0.7084546296875 0.10765020624999999 0.682397859375 0.1428006421875 0.6511298812499999 0.15451735312499998 0.6354956609375
0 0.6401133109375 0.6320214765625 0.5828312 0.6146502953125 0.532058415625 0.6320214765625 0.527669240625 0.6558159734375 0.5906423734375 0.6719751781250001 0.6336039828125 0.6632895890625 0.6401133109375 0.6320214765625
0 0.4734744578125 0.6163875187500001 0.4760782484375 0.599016340625 0.4487390890625 0.59033075 0.3992681515625 0.5920677078125001 0.386067678125 0.6210937515625 0.392758821875 0.638969909375 0.4513427796875 0.6337587 0.4734744578125 0.6163875187500001
0 0.174045340625 0.5955419578125001 0.1805546671875 0.5677480953125 0.2026864453125 0.5590625046875 0.236534934375 0.5295314859375 0.207893928125 0.5156345546875001 0.1519136625 0.5173716453125 0.133687521875 0.538217075 0.137593159375 0.5590625046875 0.105046515625 0.5746965281249999 0.0898437203125 0.5972222234375 0.0894240671875 0.6007532984374999 0.1454043328125 0.599016340625 0.174045340625 0.5955419578125001
0 0.5711143875 0.5851192765625 0.5906423734375 0.564273846875 0.5763218718750001 0.546902665625 0.524247240625 0.557325346875 0.501627575 0.5733506968750001 0.5008137171875 0.5764336859375 0.5307565703125 0.59033075 0.5711143875 0.5851192765625
0 0.7104140812499999 0.5416913250000001 0.7481681078125 0.538217075 0.7755073671875 0.52084589375 0.7585830734375001 0.503474715625 0.705206696875 0.4982633734375 0.6856787125 0.5156345546875001 0.6817730734375 0.5121603046875001 0.6843767671875 0.52084589375 0.7104140812499999 0.5416913250000001
0 0.6778674375 0.50521180625 0.705206696875 0.4826292859375 0.6869804578125 0.4565725140625 0.5893405281249999 0.45830967187500005 0.5398696890625 0.48784062656250005 0.5411715359375 0.49478912499999994 0.6166796890625 0.5156345546875001 0.6778674375 0.50521180625
0 0.442229759375 0.49131487500000004 0.3888531859375 0.4982633734375 0.3779296578125 0.5147569468750001 0.4448334515625 0.5225829875 0.468267075 0.500000465625 0.442229759375 0.49131487500000004
0 0.8783546812499999 0.40445897343750004 0.8731472984374999 0.44962408125 0.9877115218749999 0.5868563671875 1 0.421830153125 0.921316290625 0.3818764515625 0.8783546812499999 0.40445897343750004
0 0.7937334078125 0.3037061390625 0.75988501875 0.28633495937500003 0.7377533406250001 0.28807205156250004 0.7546774359375 0.3210773203125 0.7859223328125 0.3401855921875 0.8314876343750001 0.3801393609375 0.8705436046875 0.3731908625 0.8744492421875 0.34192275 0.8432043453125001 0.31239173125 0.7937334078125 0.3037061390625
0 0.1896677875 0.39924763125 0.198780809375 0.38361354375 0.24434610937499998 0.3714537703125 0.34589167656250003 0.32802581875 0.43311664062500005 0.2932834578125 0.429211103125 0.28112361875 0.408381171875 0.28112361875 0.3563065421875 0.30544323125 0.2378367796875 0.35581968124999996 0.129781984375 0.3922991328125 0.0113121234375 0.4530982640625 0 0.46178385625 0.000325490625 0.47786458437499996 0.0777073546875 0.4461498328125 0.108952053125 0.418355903125 0.14019684999999998 0.418355903125 0.1896677875 0.39924763125
0 0.5633032140625 0.428778653125 0.5553385125 0.41710069687500007 0.49300244375 0.421830153125 0.48909690625 0.4513611734375 0.5307565703125 0.4513611734375 0.5633032140625 0.428778653125
0 0.23523308906249998 0.48089219375000003 0.293817046875 0.47741794375 0.2703834234375 0.45830967187500005 0.21842445000000002 0.4648437515625 0.2131013109375 0.45830967187500005 0.2131013109375 0.48089219375000003 0.23523308906249998 0.48089219375000003
0 0.297722584375 0.46352101250000005 0.297722584375 0.46004676250000004 0.3000412546875 0.45540607499999997 0.3484953671875 0.435727084375 0.3263636890625 0.421830153125 0.2886095640625 0.43398999375 0.2781945984375 0.4409384921875 0.297722584375 0.46352101250000005
0 0.2821002359375 0.41314456406250005 0.32375989843749997 0.40793322343750005 0.3276655359375 0.39403629218749997 0.269081578125 0.38708779375 0.22611996875 0.397510540625 0.20865882500000002 0.41276041875 0.20919577500000003 0.4166188125 0.20919577500000003 0.4200930625 0.2821002359375 0.41314456406250005
0 0.4161924453125 0.3731908625 0.43832412343750005 0.350608340625 0.46175774531249997 0.34192275 0.49300244375 0.3228144109375 0.503417409375 0.3071803890625 0.4734744578125 0.3106546375 0.45915395468750003 0.32455156875 0.412286809375 0.3193402296875 0.3888531859375 0.336711409375 0.360212178125 0.3453969984375 0.3484953671875 0.35408259062499997 0.3745326828125 0.361031021875 0.3667215078125 0.3697166125 0.335476709375 0.3766651109375 0.3732308359375 0.3853507 0.396664459375 0.3801393609375 0.4161924453125 0.3731908625
0 0.528152878125 0.37840220156250004 0.488606740625 0.388888890625 0.5060211015625 0.40272188125 0.5450770734375 0.397510540625 0.528152878125 0.37840220156250004
0 0.50078125 0.32890625 0.05703125 0.01484375
0 0.54375 0.340625 0.0546875 0.01640625
0 0.61171875 0.3390625 0.046875 0.01328125
0 0.5875 0.32109375 0.03203125 0.0171875
0 0.5921875 0.27109375 0.0875 0.0125
0 0.621875 0.31328125 0.0390625 0.01875
0 0.64453125 0.29921875 0.03203125 0.015625