0 0 0.6642618328125 0.002114271875 0.6692647828125 0.14584025 0.687608853125 0.2545720375 0.6542561859375 0.2933156375 0.659258946875 0.26207085937499996 0.687608853125 0.277068315625 0.715958503125 0.305813546875 0.722629 0.3920490578125 0.6809381671875 0.47453534687500004 0.6075623359375 0.5745186343750001 0.5658715062499999 0.6795011078125001 0.5058366671875001 0.7507391625000001 0.504169059375 0.7957317171875 0.54585989375 0.786983028125 0.60255945 0.6807507828125 0.6859411171875001 0.514528625 0.8326928359375 0.36830310312500003 0.9460919531249999 0.300814365625 0.9861150500000001 0.26956958750000004 0.9977885593750001 0.815728259375 0.9994561703124999 0.9169614171875 0.8527043859375001 0.9557048281249999 0.7409730031249999 0.9382078281249999 0.6575913359375 0.919460959375 0.5958890203125 0.9257099156249999 0.5308511671875 0.9719521500000001 0.49082800625 0.9969479703124999 0.4691487859375 1 0.3874347265625 0.933208740625 0.3807641671875 0.8544718625 0.3674231140625 0.8569714046874999 0.3390733359375 0.8744684046875 0.3357381203125 0.9057131828125 0.3507467796875 0.9494558703125 0.35908494687500003 1 0.3440762859375 0.9969479703124999 0.3173941140625 0.95445515 0.3007177796875 0.9069630500000001 0.29071200625000004 0.8507224499999999 0.282373840625 0.828226171875 0.29071200625000004 0.8219772171875 0.27737095312500004 0.81197885 0.232344840625 0.8319755828125001 0.207330340625 0.838224540625 0.1773129859375 0.8457233625 0.15896895 0.8057298953125 0.1623042296875 0.68200065 0.185651153125 0.5732687671875001 0.2240066734375 0.639507734375 0.2423506171875 0.5795177218750001 0.2690327859375 0.5157783968749999 0.2857091203125 0.485783390625 0.2923796140625 0.442040703125 0.2873767265625 0.41204579218750004 0.279038559375 0.4070466078125 0.29071200625000004 0.424543703125 0.3107236203125 0.44828965781249996 0.327399953125 0.4632872078125 0.3490791734375 0.5195278078125 0.352414453125 0.603263771875 0.354082059375 0.665753328125 0.3607526203125 0.7507391625000001 0.384099446875 0.8082296296875 0.4174521140625 0.8319755828125001 0.44079900624999996 0.8194776718749999 0.45414005937499996 0.7044969296875 0.4741516734375 0.592015634375 0.49082800625 0.550772584375 0.4741516734375 0.527026534375 0.4808221671875 0.539524446875 0.49583089375 0.5170281671875 0.5241806734375001 0.480784303125 0.5241806734375001 0.3870499703125 0.5125072265624999 0.3308093703125 0.5375217265625001 0.329559503125 0.5625362265625 0.35455532500000003 0.572542 0.43454197499999997 0.5742096734375 0.41704487968750004 0.57754495 0.34080764218750004 0.5792126859375 0.2483230796875 0.590886003125 0.1395912921875 0.5942212828125 0.082100921875 0.612565353125 0.0183615953125 0.6259062796875 0 0.6292416859375 0 0.6642618328125
0 0.210829346875 0.8043431203125 0.2220774875 0.7626522859375 0.217078303125 0.7426406140624999 0.1720858421875 0.7326348359375 0.11709501562499999 0.7576493359375001 0.090849421875 0.8143488968750001 0.0571051 0.8877247859375 0.035858592187499996 0.93942139375 0.03335905 0.9744416703125 0.084600465625 0.992785609375 0.1570883875 0.9694387171875001 0.182084209375 0.9044011203125001 0.1895829375 0.8527043859375001 0.210829346875 0.8043431203125
0 0 0.8577073359374999 0.0071134546875 0.9027333859375 0.025860321874999998 0.8777188859375 0.0271100953125 0.8510367765625 0.0008645 0.8477015640625 0 0.8577073359374999
0 0 0.6045833328125 0.1283431546875 0.5692067828125 0.23832480937499997 0.5241806734375001 0.285816815625 0.48582512031249997 0.297064953125 0.4608106203125 0.285816815625 0.43913133281250005 0.210829346875 0.4057786671875 0.1720858421875 0.4174521140625 0.153338978125 0.4491371734375 0.1633373421875 0.4641458328125 0.132092565625 0.4874927265625 0.11459547187500001 0.504169059375 0.10709674531249999 0.482489840625 0.069603009375 0.4691487859375 0.012112640625 0.4891603328125 0.0033640453125 0.5125072265624999 0.022110909375 0.5208453937499999 0.0471067328125 0.5191777828124999 0 0.5491951734375 0 0.6045833328125
0 0.4607875671875 0.46581350625000006 0.46828639218749996 0.44413428593750004 0.45328884062499997 0.41911978593750004 0.4320424296875 0.404111059375 0.447039884375 0.382431840625 0.435791746875 0.3607526203125 0.40579683749999995 0.3640878328125 0.378301375 0.37242600000000003 0.3920490578125 0.35741734062499997 0.41079592500000006 0.3374057265625 0.39329892499999997 0.3257322796875 0.3733021921875 0.3257322796875 0.353305553125 0.3390733359375 0.34080764218750004 0.3607526203125 0.34580682500000004 0.3807641671875 0.3070633203125 0.39577289375 0.298314725 0.4174521140625 0.3070633203125 0.4307931671875 0.3645536921875 0.41911978593750004 0.3758018296875 0.4307931671875 0.3520557796875 0.4508047796875 0.333124971875 0.4754166671875 0.3483063703125 0.4974985 0.418294746875 0.4874927265625 0.4607875671875 0.46581350625000006
0 0.570769225 0.3857671203125 0.5357750343750001 0.384099446875 0.5157783968749999 0.4057786671875 0.525312471875 0.41916666718749995 0.5757684078125 0.42078739374999996 0.5957650453125 0.404111059375 0.570769225 0.3857671203125
0 0.781983940625 0.4491371734375 0.8057298953125 0.44079900624999996 0.7832338078125 0.41244922656250005 0.7094960171875 0.39577289375 0.6532554171875 0.3941052859375 0.6332587796875 0.40744634062499996 0.634687471875 0.43166666718749996 0.6432571453125 0.44413428593750004 0.7182445171875 0.44746949999999996 0.781983940625 0.4491371734375
0 0.2320758546875 0.40744634062499996 0.248749971875 0.3858333328125 0.1945821203125 0.3924376140625 0.19083270937500002 0.4107816203125 0.20458039218750002 0.41411683281249995 0.2320758546875 0.40744634062499996
0 0.3070633203125 0.354082059375 0.264570403125 0.3607526203125 0.27331890312499996 0.3807641671875 0.298314725 0.37909655937500003 0.3070633203125 0.354082059375
0 0.477034890625 0.2606946203125 0.47374997187499995 0.2545833328125 0.44828965781249996 0.2673651140625 0.457038253125 0.2807061703125 0.47453534687500004 0.2807061703125 0.477034890625 0.2606946203125
0 0.23332562499999998 0.20899795000000002 0.23332562499999998 0.22567428281250002 0.244573765625 0.23067717031249999 0.303313909375 0.21566850624999997 0.29081599687500004 0.203995059375 0.240824353125 0.1989921734375 0.23332562499999998 0.20899795000000002
0 0.9969479703124999 0.609229946875 0.994448428125 0.50250145 0.9919488828125 0.50250145 0.9619537828125001 0.5191777828124999 0.9557048281249999 0.5758772796875 0.9719521500000001 0.6058946671875 0.9969479703124999 0.609229946875