0 0.53202571875 0.8777188859375 0.505780125 0.8693807187499999 0.5195278078125 0.8493691703125 0.5182780359375 0.8226870625 0.4795344359375 0.7809962296874999 0.403297196875 0.7593169453125 0.350806009375 0.79433721875 0.3358084578125 0.8310252296874999 0.35455532500000003 0.8777188859375 0.41079592500000006 0.8893923953125 0.4620374359375 0.8910600015625001 0.3982980140625 0.9527623859375 0.3320591421875 0.9544301203125001 0.270819359375 0.9127392875 0.214578759375 0.9460919546875 0.18312497187500001 1 0.6982479734375 0.9977885609375001 0.6645036515625 0.9410890015625 0.58826631875 0.8860570515624999 0.53202571875 0.8777188859375
0 0.9919488828125 0.9327508359375001 0.9694526046874999 0.9577653359375 0.9831249718749999 0.9920833359375001 1 0.9994561687499999 0.9994475156249999 0.9294156203125 0.9919488828125 0.9327508359375001
0 1 0.8010077765625001 0.9032136375 0.7476435625 0.86197049375 0.7609845515625 0.8257266281250001 0.7960049546875 0.8694693171875001 0.8376957875000001 0.9494558703125 0.8860570515624999 1 0.9060687296875001 1 0.8010077765625001
0 0.6470064625 0.6442502828125 0.622010640625 0.6492531703125 0.6245102796875 0.6692647828125 0.6345085515625 0.6992821703125001 0.6482563296875 0.7393053953125001 0.719494384375 0.7543141203125 0.7557382500000001 0.7092879453125 0.7269932078125 0.6675971125 0.6470064625 0.6442502828125
0 0.450789296875 0.6942792828125001 0.40454696874999996 0.7042851859375 0.3833005578125 0.7242966703125 0.3970482421875 0.7376377875 0.45453861250000005 0.7659875046875 0.46953616406250004 0.7676551125 0.51702816875 0.7559817296875 0.5195278078125 0.7292996859375 0.49703152968750003 0.7109556171875 0.450789296875 0.6942792828125001
0 0.4982813015625 0.62757395 0.458288025 0.6375798515625 0.4407909296875 0.6609266171875 0.44953952499999994 0.6809381671875 0.477034890625 0.7042851859375 0.5107792124999999 0.6976145 0.548749971875 0.6983333359375 0.58451690625 0.6859411171875001 0.5782679515625 0.6609266171875 0.5470231734375 0.6292416859375 0.4982813015625 0.62757395
0 0.34830636875 0.6509207796875 0.3058135484375 0.6642618328125 0.298314725 0.6809381671875 0.31081263593749997 0.7076203375000001 0.361249971875 0.70041666875 0.3920490578125 0.6842734453125 0.400797653125 0.6642618328125 0.385800103125 0.6575913375 0.34830636875 0.6509207796875
0 0.5270265359375 0.6008917796875 0.5282763078125 0.5825478375 0.5045302578124999 0.5692067859375001 0.490782575 0.5808801671875 0.4407909296875 0.5892183328125 0.41204579218750004 0.59588901875 0.42374997187499996 0.6170833359375 0.4407909296875 0.6209035187499999 0.505780125 0.6175681125 0.5270265359375 0.6008917796875
0 0.47453534687500004 0.56086861875 0.43704161406250003 0.5658715046875 0.3982980140625 0.572542 0.38829974218749996 0.5592009453125 0.369552875 0.56086861875 0.34830636875 0.5708743921874999 0.35455532500000003 0.5925536124999999 0.3895495140625 0.59588901875 0.42829301875 0.5875508515625001 0.48203407499999995 0.5842154453124999 0.48828302968750004 0.5775449515625 0.47453534687500004 0.56086861875
0 0.3608042796875 0.5425246125000001 0.384687471875 0.5462500015625 0.3970482421875 0.53585411875 0.3833005578125 0.5191777859375 0.3608042796875 0.5275159515625 0.3608042796875 0.5425246125000001
0 0.440625 0.4734375 0.05859375 0.0546875
0 0.36953125 0.41875 0.03203125 0.0203125