0 0 0.9801136328125001 0.026583584375000004 0.9751725703125 0.1635977484375 0.86976165 0.27191294843749997 0.7692919140625001 0.3283850484375 0.70670414375 0.3478262296875 0.61117565625 0.352455084375 0.53705849375 0.387634346875 0.486000115625 0.37097050781249996 0.4563532515625 0.32190460625 0.43494167656249993 0.24506564218750002 0.44152988125 0.16452350625 0.486000115625 0.06176291874999999 0.5518819265625 0.0052908546875 0.5765876046875 0 0.6292930046875 0 0.9801136328125001
0 0.8320045890625 0.6177637375 0.8699611218750001 0.546940740625 0.82830141875 0.46458847968750006 0.7792356578125 0.4398828 0.72831824375 0.451412128125 0.63388946875 0.5024705703125 0.60426481875 0.55023484375 0.60324071875 0.644444446875 0.635741125 0.6819984640625 0.7505366953125 0.6721162171875 0.8320045890625 0.6177637375
0 0.70980281875 1 0.7477593546875 0.976819590625 0.7505366953125 0.8829380625000001 0.6496276937500001 0.87140866875 0.62463175625 0.96693734375 0.6329637828125 1 0.70980281875 1
0 0.766274778125 0.3904714421875 0.7894190562500001 0.36576576250000004 0.786641715625 0.33611896093750004 0.760720234375 0.3262367140625 0.7218377312500001 0.3163544046875 0.6570337484375 0.33611896093750004 0.5755659265624999 0.3509423921875 0.5274258546875 0.3690598671875 0.49502386249999997 0.3937655453125 0.48021146718749996 0.4250594296875 0.48576615 0.45305921250000003 0.532054709375 0.45470623281250006 0.533796275 0.4510288078125 0.6301864421875 0.43164757343750004 0.6440730078125 0.410235996875 0.702396621875 0.40694189375 0.766274778125 0.3904714421875
0 0.5265000265625 0.3064721578125 0.5061330875000001 0.29164872656249996 0.455215671875 0.2965899140625 0.41725906874999996 0.3295308171875 0.410778628125 0.3608246390625 0.3848570765625 0.40035375 0.395966303125 0.41188308124999995 0.4422548625 0.4052948734375 0.48021146718749996 0.378942175 0.5024299890624999 0.354236496875 0.5153908 0.33117783749999996 0.5265000265625 0.3064721578125
0 0.3006119125 0.3163544046875 0.304314940625 0.34764829062499997 0.33671693125 0.34764829062499997 0.349768496875 0.3296296328125 0.38578283281250003 0.31141328125 0.372822021875 0.29164872656249996 0.3394942734375 0.2965899140625 0.3006119125 0.3163544046875
0 0.5172423140625 0.150002859375 0.4209621671875 0.156591096875 0.34967774375 0.16976738281249998 0.2922799578125 0.204355340625 0.27191294843749997 0.2554137796875 0.2922799578125 0.26859013125 0.4154074828125 0.23400214375 0.5033557453124999 0.21588466875 0.5468670343750001 0.18129677500000002 0.545941278125 0.1582380859375 0.5172423140625 0.150002859375
0 0.5913040078125 0.0725917203125 0.51446504375 0.105532625 0.4515125734375 0.11212079999999999 0.4311456359375 0.1285912515625 0.4357744921875 0.13847353125 0.5116877015625 0.1417676328125 0.5644567015625 0.14670875625 0.5858796078124999 0.1403292203125 0.6542565484375 0.10717973750000001 0.6681431171875001 0.08247405937499999 0.66073691875 0.0660036078125 0.5913040078125 0.0725917203125
0 0.7301697578125 0.2735312546875 0.7551655515625 0.2554137796875 0.7533140375 0.2191787734375 0.7236893875 0.2109435453125 0.675549171875 0.2208257921875 0.5996359640625 0.2438844515625 0.595932865625 0.29000170625 0.6459245234375001 0.3064721578125 0.7301697578125 0.2735312546875
0 0.7681262921875 0.1928260421875 0.8005282828125001 0.182943765625 0.795899428125 0.148355871875 0.7780092375 0.15267489843749998 0.66999463125 0.17470853749999998 0.677400828125 0.19941421718750002 0.70609965 0.2010612375 0.7681262921875 0.1928260421875
0 0.7477593546875 0.14012064375 0.7514625234375 0.1005915015625 0.6912873953124999 0.1137678515625 0.6968419390625 0.135179459375 0.7218377312500001 0.145061703125 0.7477593546875 0.14012064375
0 0.9792021500000001 0.2834135015625 0.9542063562499999 0.2521196796875 0.9412456171875 0.2570608 0.8810704890625001 0.3262367140625 0.917175509375 0.341060084375 0.9792021500000001 0.321295590625 0.9792021500000001 0.2834135015625
0 0.65546875 0.0109375 0.071875 0.021875
0 0.8515625 0.17578125 0.040625 0.04140625
0 0.915625 0.1671875 0.04765625 0.025