0 0.352172828125 0.827024515625 0.49674122187499997 0.8706556515624999 0.6081300281249999 0.8589088484375 0.682784253125 0.8102432984375 0.6714073796875 0.7698113234374999 0.6022050937500001 0.709556003125 0.4303819625 0.694452946875 0.30477334375 0.7615777484375 0.352172828125 0.827024515625
0 0.3284730859375 0.6474654937500001 0.32491808906249997 0.603834484375 0.2952934109375 0.5870532703125 0.225379153125 0.6105468671875001 0.257373859375 0.674315475 0.3118832484375 0.669281121875 0.3284730859375 0.6474654937500001
0 0.2336741171875 0.570271925 0.24789392656250003 0.53670949375 0.20641937812500002 0.516572021875 0.12347027968749999 0.5249626296875001 0.11517540625 0.5669156703125 0.1519099890625 0.5904093968749999 0.2336741171875 0.570271925
0 0.0571110171875 0.47461898125 0.1068804421875 0.46287211875 0.1199152828125 0.446090903125 0.0936296015625 0.4155136296875 0.042891120312499996 0.420919078125 0 0.43266594375 0.006156535937500001 0.4662283734375 0.0571110171875 0.47461898125
0 0.43275189999999997 0.5685938296875 0.46237657812500005 0.5383875875 0.44815676875 0.5115376703125001 0.43156693125 0.4981127109375 0.3403229578125 0.501468965625 0.334398021875 0.5484563578125 0.3794274796875 0.5585250625 0.43275189999999997 0.5685938296875
0 0.6780441984375 0.6357186921875 0.6970040640625 0.618937478125 0.6934490671875 0.5853750437499999 0.6413097046875 0.5618813171875 0.558360515625 0.5753062765625 0.574950353125 0.613903059375 0.63775470625 0.637396915625 0.6780441984375 0.6357186921875
0 0.557175546875 0.5534907109375 0.54651064375 0.5417438453125001 0.5157009984375 0.5669156703125 0.540585709375 0.59208749375 0.558360515625 0.5753062765625 0.557175546875 0.5534907109375
0 0.31171875 0.42265625 0.06484375 0.02265625
0 0.58984375 0.51953125 0.03515625 0.02421875
0 0.35859375 0.384375 0.0703125 0.021875
0 0.26484375 0.38671875 0.07890625 0.02578125
0 0.1390625 0.396875 0.04375 0.0140625
0 0.10703125 0.31328125 0.10390625 0.0171875
0 0.23203125 0.3171875 0.0546875 0.009375
0 0.3 0.29609375 0.04296875 0.021875