0 0.5496567515625 0.7231451859375 0.580901528125 0.737439209375 0.6442838453124999 0.7533214312500001 0.709451415625 0.7533214312500001 0.7469452578125 0.7850858765625001 0.8219326703125001 0.7977917031249999 0.890671153125 0.8216150359375 0.9192377796875 0.8692617015625 0.867460828125 0.8644969874999999 0.8067566625 0.88832031875 0.71480771875 0.91055545625 0.6924900203125001 0.9216729625 0.667494171875 0.886732121875 0.5710817546875 0.8772028125 0.48984527812499995 0.83908545625 0.44967342187500003 0.8613205921875 0.40057448593749995 0.91055545625 0.39878909687499997 0.9454962953124999 0.48805989062500005 0.9709078265625 0.590721303125 0.932790590625 0.6532109265625 0.95979031875 0.6898118703125 0.9820254546875 0.7032024890625 0.9852018515625 0.7210566468749999 0.9693196296875 0.812112828125 0.96773143125 0.8772805343750001 0.977260740625 0.934413925 0.977260740625 0.9799419468749999 0.9661432328125 0.990654415625 0.9423199 0.9085253124999999 0.943908096875 0.838001440625 0.9089672562500001 0.888885765625 0.90261434375 0.9442336296875 0.912143653125 0.9986888671875 0.8930850343750001 1 0.859732271875 0.9647659390625 0.8152621218749999 0.9558388609374999 0.7294980984375 0.9951179531250001 0.6913807421875 0.9611951624999999 0.6580281 0.9174523906250001 0.662792875 0.9103107015624999 0.6342047671875 0.8656753046875 0.608793175 0.7817608140625001 0.6167342859375 0.7585503515625 0.607205096875 0.7531941875 0.5865581 0.7817608140625001 0.5293820640625 0.734447265625 0.54844074375 0.6782066390625 0.5611465078125 0.5710817546875 0.5516171984375 0.50680674375 0.570675878125 0.5023432031249999 0.591322875 0.5023432031249999 0.6199107421875001 0.474669271875 0.6278518531249999 0.43896095468749996 0.61196963125 0.39789640312499996 0.5722640765625 0.347012009375 0.58973455625 0.3041620703125 0.6040285187500001 0.3746860109375 0.5627347671875 0.359509934375 0.5357349765625 0.31844538437500003 0.5166762984375 0.254170440625 0.524617409375 0.25059959374999996 0.5595583093750001 0.20596419687499998 0.54844074375 0.2041787421875 0.6008520640625 0.21132043281250001 0.6453223328125001 0.240779821875 0.673910321875 0.30148392031250004 0.6977336546874999 0.36308078125 0.688204284375 0.372900553125 0.6707339859375 0.4523515734375 0.677086778125 0.475561965625 0.708851221875 0.513948434375 0.7072629640625 0.5496567515625 0.7231451859375
0 0.8317525124999999 0.8740262953125001 0.8317525124999999 0.8025562953125001 0.762121265625 0.7977917031249999 0.6924900203125001 0.8247914312500001 0.69070463125 0.8740262953125001 0.71391495625 0.88196740625 0.78979513125 0.88196740625 0.8317525124999999 0.8740262953125001
0 0.4960942765625 0.8470265671874999 0.5362661328125 0.8629087890625 0.579464265625 0.8793650812499999 0.6407129328125001 0.85337948125 0.6032192281250001 0.7882622718750001 0.513948434375 0.8200267171875 0.4960942765625 0.8470265671874999
0 0.308625609375 0.8486147656249999 0.31933807812500004 0.88196740625 0.42209819375 0.8714285734375 0.44878072812500003 0.8406736546875001 0.37825678749999997 0.7787329640625 0.31576723281249997 0.7962033828124999 0.308625609375 0.8486147656249999
0 0.500557815625 0.42297122343750004 0.4577078078125 0.39755963125 0.4059307875 0.41185365625000003 0.38986201875000004 0.41979476875 0.38361309062500004 0.453147409375 0.4193214078125 0.4610885203125 0.4675275796875 0.4610885203125 0.5148411281249999 0.465853175 0.5951848421875 0.47220608906250006 0.6023265328125 0.44202984218749997 0.5496567515625 0.41026539843750004 0.500557815625 0.42297122343750004
0 0.9067399234375 0.4150301140625 0.93530655 0.3657951890625 0.9504825578125 0.34197185625 0.9799419468749999 0.286384078125 0.9924399390625 0.24191386874999998 0.9977961046875 0.2101494234375 0.996903478125 0.1656791828125 0.9924399390625 0.12756185625 0.9406628515625 0.1196207453125 0.918345153125 0.13709125625000002 0.9308430109374999 0.1545616453125 0.9817273359375 0.1593263015625 0.9647659390625 0.20062014375 0.9245940812500001 0.214914078125 0.8924565421875 0.211737621875 0.8656753046875 0.1783849796875 0.79515143125 0.20062014375 0.7674774328125 0.214914078125 0.788009740625 0.245090325 0.8487139078125001 0.24032566875 0.8790659234374999 0.2847958796875 0.8513920593750001 0.364206990625 0.8165763671875 0.41979476875 0.813005590625 0.4912647671875 0.7790826625 0.5452642859375 0.7701555828125 0.5595583093750001 0.7781900359375 0.58973455625 0.79486605 0.5936507953125 0.840679590625 0.5865581 0.8513920593750001 0.51826455625 0.8853149874999999 0.47220608906250006 0.9067399234375 0.4150301140625
0 0.9406628515625 0.07038588125 0.97369301875 0.05926831406250001 0.94958993125 0.02750386875 0.891563915625 0.038621406250000004 0.861211765625 0.06562125625000001 0.8183618921875 0.0783269921875 0.7647994171875 0.086268103125 0.7192712578125 0.11009140625 0.7201640203124999 0.140267653125 0.74158895625 0.1482087640625 0.7701555828125 0.1386794234375 0.788009740625 0.11644431875000001 0.8344305265624999 0.1291501453125 0.8428571234375 0.151190478125 0.8995982328125001 0.121209034375 0.9335211625 0.10056209687499999 0.914774240625 0.08309164687500001 0.9406628515625 0.07038588125
0 0.9299503843749999 0.0211509859375 0.9826200984375 0.0211509859375 0.9977961046875 0.0052687640624999995 0.9745857796875 0 0.9254868437500001 0.0036805359375 0.9299503843749999 0.0211509859375
0 0.7772972734375 0.0433860921875 0.8238839078125 0.0341269859375 0.8540702109374999 0.0243274125 0.8246108203125001 0.013209875 0.7772972734375 0.0163863015625 0.7772972734375 0.0433860921875
0 0.6773140125 0 0.67642125 0.0163863015625 0.6175026078125 0.033856753125 0.589828609375 0.0545036296875 0.61036091875 0.067209425 0.710344178125 0.07356236875 0.7157004812500001 0.07673876406249999 0.7514087984375 0.067209425 0.7460524953125 0.038621406250000004 0.7362326546875 0.02750386875 0.7567649640624999 0.0005040796875 0.7023098625 0 0.6773140125 0
0 0.430033875 0 0.4425318 0.0211509859375 0.48448904531250003 0.038621406250000004 0.564832759375 0.0036805359375 0.528231746875 0 0.430033875 0
0 0.6719577109375 0.27050185625 0.61036091875 0.2371492140625 0.5880431515625 0.23238455781249998 0.54608590625 0.24826678124999998 0.524660903125 0.27685476875 0.4862745015625 0.27050185625 0.46038595937500004 0.286384078125 0.44107140781250004 0.3000000015625 0.5103775890625 0.31020741093750004 0.5630473703125001 0.2943251890625 0.656781703125 0.31020741093750004 0.6719577109375 0.27050185625
0 0.1934662734375 0.23238455781249998 0.16043610625 0.2371492140625 0.150616265625 0.28956053437499996 0.1613288015625 0.3260896328125 0.26584819375 0.33174603281250004 0.2970203796875 0.3086192125 0.2720245984375 0.27050185625 0.2434579046875 0.27050185625 0.1934662734375 0.23238455781249998
0 0.2148912765625 0.07038588125 0.19792981406250001 0.10373852343750001 0.20060796406249998 0.11009140625 0.1613288015625 0.10373852343750001 0.14526003125 0.1307383125 0.16668503437499999 0.1529734796875 0.186607121875 0.15515873125 0.2202475109375 0.1434440796875 0.2470287484375 0.1180325171875 0.25059959374999996 0.079915190625 0.2148912765625 0.07038588125
0 0.050633004687500004 0.084679875 0.050633004687500004 0.11009140625 0.0184954984375 0.11644431875000001 0.003319490625 0.121209034375 0.00153406875 0.14503236875 0.06491631875000001 0.1593263015625 0.09169755625 0.1323265421875 0.105088175 0.11167963437499999 0.0783069359375 0.0783269921875 0.050633004687500004 0.084679875
0 0.268453753125 0.40073608906249997 0.21674105 0.401190478125 0.2148912765625 0.44361810156250003 0.2693464484375 0.44044164375 0.268453753125 0.40073608906249997
0 0.13097671718749998 0.6580281 0.07919963125 0.6818514312499999 0.0658090109375 0.642145878125 0.0961610953125 0.607205096875 0.1354402578125 0.591322875 0.14972357187500002 0.564322965625 0.12026425 0.5198527562499999 0.063130928125 0.537323175 0.0318861171875 0.530970321875 0.0006413390625000001 0.530970321875 0.0024553375 0.7682539687500001 0.0988392453125 0.73267449375 0.1854318875 0.6850278890625 0.178290265625 0.642145878125 0.13097671718749998 0.6580281
0 0.7701555828125 0.45791206406249996 0.79604419375 0.4452062984375 0.8094348140625 0.407089003125 0.8005077343749999 0.37055984375 0.761228503125 0.37691275625 0.7371254171875 0.41185365625000003 0.71480771875 0.41820650937500004 0.697846321875 0.4150301140625 0.7032024890625 0.41979476875 0.671065084375 0.43567699062500004 0.68891924375 0.4626767796875 0.73980356875 0.45473566875 0.7701555828125 0.45791206406249996
0 0.0729507015625 0.9693196296875 0.0640236234375 0.91690836875 0.0140319578125 0.9200847640625 0.0068903031249999995 0.9788489374999999 0.0176028046875 0.9915547640625 0.0729507015625 0.9693196296875