0 0.41633331093750003 0.48942471718749997 0.35800969843749997 0.504067375 0.31634999375 0.52033696875 0.2922799578125 0.5463682921874999 0.29690881406249997 0.585415465625 0.317361090625 0.5898374 0.4089271140625 0.60981985625 0.4737310953125 0.5919232046875 0.464473384375 0.5235909000000001 0.41633331093750003 0.48942471718749997
0 0.9819794937499999 0.7627538734375 1 0.741603475 0.9912372046875 0.6765250390624999 0.9495775015625 0.6537476468750001 0.9264332203125001 0.6537476468750001 0.8301530734375 0.6504938390625 0.8208953625 0.7041833609375 0.871812778125 0.74648428125 0.9819794937499999 0.7627538734375
0 0.9764248078125 0.9449733921875 1 0.9596160515625 0.9920207781249999 0.8825792421875001 0.957909384375 0.9010454171875001 0.9764248078125 0.9449733921875
0 0.659811090625 0.5902962078125 0.6885100546875 0.5691457484375 0.69036156875 0.5463682921874999 0.687731459375 0.530894309375 0.6162998734375 0.521963903125 0.5792690265625 0.5463682921874999 0.625557584375 0.5919232046875 0.659811090625 0.5902962078125
0 0.7857160296875 0.6081927968749999 0.8144148515625 0.5919232046875 0.8208953625 0.5561300859375 0.804231453125 0.5317256953125 0.7403531562500001 0.5349796265625 0.7264665875 0.575653609375 0.7496108687499999 0.5951770734374999 0.7857160296875 0.6081927968749999
0 0.7422048109375 0.4552585953125 0.7422048109375 0.44386986874999995 0.7172088765625 0.4308542046875 0.6875842265625 0.42597333906249996 0.6959162515624999 0.45851252656249997 0.7153573625 0.46827425624999997 0.7422048109375 0.4552585953125
0 0.67578125 0.39140625 0.0515625 0.0296875
0 0.5859375 0.378125 0.0828125 0.0203125
0 0.5421875 0.34140625 0.03359375 0.00703125
0 0.546875 0.2984375 0.06796875 0.01796875
0 0.43484873437499993 0.3511331734375 0.39874364375 0.336490575 0.36911892343749997 0.338117509375 0.34967774375 0.357641034375 0.3635643109375 0.36577583125 0.395966303125 0.36577583125 0.4450322046875 0.3966880828125 0.46632489843749997 0.390180221875 0.4913207625 0.3836723578125 0.50150423125 0.37065669687499997 0.478359953125 0.360894965625 0.43484873437499993 0.3511331734375
0 0.35893545625 0.3104591875 0.3681931671875 0.3299827140625 0.388560175 0.336490575 0.4098528703125 0.3202209828125 0.4237394375 0.299070525 0.4089271140625 0.2893087296875 0.3830054921875 0.28768179531250004 0.35893545625 0.3104591875