0 0 0.8226360375 0.0590324203125 0.8161016109375 0.1616786859375 0.8095671859375001 0.2120334375 0.8193687625000001 0.20234982499999998 0.8683767625 0.21590689687500003 0.950056759375 0.2652933 0.994164034375 0.27748181875 0.9595918375 0.37568648437499996 0.8961480375 0.3979588203125 0.8716440375 0.471554253125 0.8977816109375001 0.559675103125 0.8651096109375 0.59647285625 0.8210023375000001 0.605188046875 0.7507576109375 0.5780739796875001 0.7311543375 0.49576328125 0.7197191890625 0.4076424328125 0.7376887625 0.3689079859375 0.7393223375 0.3660028734375 0.7278871890625 0.42410454218750004 0.7148184 0.48220621250000006 0.6935815515625 0.499636740625 0.6592761 0.4947949359375 0.6331384 0.54902314375 0.6331384 0.6042197 0.6200695515625 0.6071248140625001 0.5857641 0.5664536015625 0.5432904 0.5160988515625 0.5498247625 0.4754277125 0.5645271890625 0.42700965625 0.5841304 0.3621294140625 0.5955655515625 0.2720718734375 0.6298711890625001 0.23333742656249998 0.6609095515625001 0.15586853437499998 0.6478407625 0.0629058046875 0.6674441 0 0.7131847625 0 0.8226360375
0 0.74075868125 0.9222856109374999 0.7765880140625 0.8879800375 0.782398240625 0.8406056109375 0.77561959375 0.8259031859375 0.697182428125 0.8030327625 0.6516694843749999 0.8504071859375 0.6710367078125 0.8945143375000001 0.74075868125 0.9222856109374999
0 0.3572876078125 0.5530919765625 0.3380145046875 0.5310204078125 0.28562886875000004 0.5628935515625 0.32920512031250004 0.5824967625 0.3572876078125 0.5726951890625 0.3572876078125 0.5530919765625
0 0.45993387500000005 0.5481911890625 0.5112570453124999 0.5269543999999999 0.52384576875 0.5138855515625 0.5151305046875 0.48938155156249996 0.4793010984375 0.476312765625 0.45786922656250006 0.484081634375 0.385370096875 0.5040839765625 0.37568648437499996 0.5302215515625 0.4066740125 0.5530919765625 0.45993387500000005 0.5481911890625
0 0.5683903671875 0.476312765625 0.584852478125 0.46324397656249994 0.570460025 0.4269387765625 0.5344977265625 0.428938403125 0.5257824624999999 0.4665111890625 0.5383711859375 0.476312765625 0.5683903671875 0.476312765625
0 0.645859259375 0.48938155156249996 0.6690998671874999 0.47957997656250007 0.706866040625 0.46324397656249994 0.706866040625 0.4501751890625 0.7020242359375 0.4240375515625 0.6739416734375 0.42077040312499997 0.6884670890625 0.4142359765625 0.7349484562499999 0.4240375515625 0.7765880140625 0.4175031890625 0.8007970421874999 0.40116718906250004 0.7843349328125 0.38156397656249996 0.7456004859375 0.361960765625 0.68749881875 0.3684951890625 0.65941625625 0.37993040312500004 0.6661949015624999 0.3978999765625 0.6410174546875 0.39299918906250003 0.6148717328125 0.388098403125 0.5955044359375 0.3995335515625 0.5935677421875 0.427304765625 0.6140435609375 0.44734694062499997 0.5616117953125 0.477946403125 0.5703270609375 0.5122519765625 0.6197135375 0.5138855515625 0.645859259375 0.48938155156249996
0 0.8085439609374999 0.46814476562499996 0.830816296875 0.459976765625 0.8191958453125 0.43710640312500004 0.7959552375000001 0.42077040312499997 0.7581892125 0.428938403125 0.7610941765625 0.4550759765625 0.777556434375 0.46814476562499996 0.8085439609374999 0.46814476562499996
0 0.7136445390625 0.5367559765625 0.724296571875 0.5204199765624999 0.7155812328125 0.4991831890625 0.6981507015624999 0.4910151890625 0.687893440625 0.49632653125 0.63423895625 0.5008167625 0.6264920375 0.5220535515625 0.653606178125 0.5367559765625 0.7136445390625 0.5367559765625
0 0.567422021875 0.3586935515625 0.551928184375 0.37012876562499997 0.57129540625 0.388098403125 0.608093159375 0.38483118906249997 0.6443099046875 0.38000000312500004 0.655542871875 0.3586935515625 0.6264920375 0.353792765625 0.567422021875 0.3586935515625
0 0.630365421875 0.322754403125 0.6158400046875 0.322754403125 0.6140435609375 0.3228571453125 0.5761372125 0.3341895515625 0.608093159375 0.345624765625 0.6313338421875 0.345624765625 0.630365421875 0.322754403125
0 0.685562125 0.3325559765625 0.6981507015624999 0.3194871921875 0.7097711546875 0.29171597656250003 0.69040393125 0.29171597656250003 0.6332705359374999 0.30968555468750003 0.6439225656249999 0.329288765625 0.6642580625 0.34399119218749996 0.685562125 0.3325559765625