0 0.7234375 0.96875 0.128125 0.0625
0 0.57890625 0.78828125 0.15703125 0.10390625
0 0.8163470359374999 0.652888590625 0.7342272999999999 0.638480275 0.6585067203125 0.633677440625 0.596650359375 0.65448955 0.5955838859375 0.6817052796875 0.6286450140625 0.707320165625 0.641442840625 0.699315525 0.7800863328125 0.728132275 0.8387431968750001 0.702517390625 0.83980975 0.6753016046875 0.8163470359374999 0.652888590625
0 0.784375 0.615625 0.1734375 0.065625
0 0.625 0.62734375 0.11640625 0.0296875
0 0.43984375 0.61328125 0.1640625 0.05
0 0.47578125 0.5640625 0.19921875 0.053125
0 1 0.49279579062499995 0.9595231999999999 0.47358464062500005 0.9125977734375 0.4607772296875 0.88806850625 0.476786509375 0.89873339375 0.5024013953125 0.89126800625 0.528016215625 0.796350603125 0.49759855937499997 0.6225128765625 0.4895939203125 0.5435928 0.49119488437500003 0.505199153125 0.5072041656249999 0.5382603593749999 0.5296171203125 0.602933309375 0.5504 0.6257125359375 0.547227365625 0.6886352062500001 0.539222725 0.7184969171875 0.566438515625 0.7750208328125 0.5696403203125 0.8507414140625 0.5904524343750001 0.9072653296875 0.612865390625 1 0.617668159375 1 0.579245925 1 0.49279579062499995
0 0.1532579765625 0.6480859406249999 0.160723446875 0.608062740625 0.13832720625 0.5744431546875 0.0956676703125 0.560034775 0.07626664375 0.5724 0.027412393750000003 0.611264484375 0.0551410765625 0.6785034703124999 0.108465496875 0.69451275 0.1532579765625 0.6480859406249999
0 0.31749720937500003 0.532818990625 0.3388269765625 0.5088050703125 0.3185636796875 0.49119488437500003 0.2673722859375 0.476786509375 0.1820532140625 0.5008004296874999 0.1991170140625 0.556832909375 0.2599068203125 0.553631040625 0.31749720937500003 0.532818990625
0 0.450808259375 0.516809709375 0.49026837968750003 0.5008004296874999 0.5094651234375001 0.478387475 0.4924013234375 0.45277259062499997 0.3537578296875 0.457575359375 0.32282964999999997 0.47038283437499995 0.3580238 0.5024013953125 0.450808259375 0.516809709375
0 0.56278954375 0.4687818703125 0.5926512500000001 0.43996517968750004 0.5958506671875 0.417552159375 0.5766539265625 0.406345715625 0.4956008234375 0.41435035468750003 0.48280291406250003 0.436763309375 0.5158640359375 0.457575359375 0.56278954375 0.4687818703125
0 0.7390625 0.46875 0.0765625 0.0359375
0 0.68984375 0.40546875 0.1390625 0.05
0 0.63046875 0.36953125 0.05234375 0.01875
0 0.58359375 0.3484375 0.0625 0.01953125
0 0.64296875 0.33359375 0.040625 0.02109375
0 0.4875 0.3859375 0.0296875 0.01171875
0 0.35390625 0.44609375 0.05078125 0.0234375
0 0.38203125 0.378125 0.0859375 0.02421875
0 0.659375 0.2890625 0.0671875 0.01015625
0 0.54140625 0.28203125 0.06640625 0.02734375
0 0.475 0.3171875 0.1046875 0.03359375
0 0.25625 0.3296875 0.09296875 0.02578125
0 0.43203125 0.26484375 0.02421875 0.0203125
0 0.3296875 0.33046875 0.0421875 0.0203125
0 0.23671875 0.4328125 0.059375 0.040625
0 0.85546875 0.50703125 0.03046875 0.02578125
0 0.81796875 0.38203125 0.01875 0.0359375
0 0.8484375 0.409375 0.0375 0.01875
0 0.37734375 0.67734375 0.08515625 0.034375
0 0.167122359375 0.337505759375 0.0807368171875 0.350313234375 0.0146144859375 0.356716909375 0 0.4207540296875 0.0050161531250000006 0.560034775 0.1276623203125 0.44476794999999997 0.14579259375 0.40954752031249997 0.12872879375 0.3839327 0.167122359375 0.337505759375