0 0.5109871078125 0.6838670109375 0.496923471875 0.6301116859375 0.43012152812500004 0.599161690625 0.3299184171875 0.60730641875 0.1998302421875 0.68549580625 0.245536996875 0.7473957375 0.29651737968749997 0.7783457328125001 0.4178158140625 0.7473957375 0.5109871078125 0.6838670109375
0 0.01172986875 0.5828722296875 0.0011822078125 0.6170801328125 0.0398570078125 0.6659485078125 0.07501596875 0.65617479375 0.15412362500000001 0.6415143203125 0.152365703125 0.610564446875 0.08907960625 0.581243309375 0.01172986875 0.5828722296875
0 0.18400882031250002 0.542148584375 0.2806959578125 0.53074595 0.27717997968749997 0.49653811406250004 0.1432966625 0.48677248906250004 0.12775440625 0.49490919062499994 0.129512328125 0.53074595 0.18400882031250002 0.542148584375
0 0.5046875 0.59453125 0.16015625 0.06484375
0 0.22734375 0.4453125 0.11796875 0.021875
0 0.57421875 0.53046875 0.16171875 0.0515625
0 0.38671875 0.4390625 0.06953125 0.0140625
0 0.43515625 0.4125 0.20078125 0.03125
0 0.4546875 0.38203125 0.0640625 0.01796875
0 0.57890625 0.46953125 0.10625 0.02734375
0 0.63359375 0.4359375 0.0921875 0.01640625
0 0.65625 0.39453125 0.071875 0.02265625
0 0.63515625 0.35390625 0.046875 0.0109375
0 0.7 0.3484375 0.03671875 0.025