0 1 0.853291196875 0.9782764640625 0.83682074375 0.9458744734375 0.784115346875 0.9606867265625001 0.7347039890625 0.9236558796875001 0.6638809921875 0.8755158062499999 0.6128225515625 0.7949737406249999 0.593058059375 0.7431304984375 0.594705203125 0.6996192796875 0.6012932859375 0.6718461453125 0.6045873265624999 0.6487018640625 0.594705203125 0.6005617203125 0.551881928125 0.5811205390625 0.5485878234375 0.5681597296875001 0.4991764671875 0.561679359375 0.4695296640625 0.5477927921875 0.4530592109375 0.5144650421875 0.45141212968750005 0.48113729375 0.4761178078125 0.4607702859375 0.49752938281250003 0.44873530156249997 0.5222350625 0.45891877187499996 0.5403525984375 0.4913207640625 0.5683523796875 0.5292773671875 0.5996462015625 0.5838978828125 0.629293003125 0.6107451890625 0.6539986828125001 0.609819503125 0.6770574671875 0.6107451890625 0.7198804921875 0.6385183249999999 0.7709389328125 0.7033223078125 0.833526703125 0.7727551484374999 0.8516441765625 0.8236725625 0.8516441765625 0.8514456984375001 0.866467609375 0.87088695 0.907643740625 0.857926209375 0.9685843640625 0.8821759046875 0.9983539109375 1 0.9998782500000001 1 0.853291196875
0 0.62421875 0.9640625 0.12578125 0.071875
0 0.48671875 0.88671875 0.08671875 0.08515625
0 0.5625 0.7671875 0.07421875 0.07265625
0 0.434375 0.75546875 0.09140625 0.09921875
0 0.32421875 0.73125 0.08125 0.0921875
0 0.34765625 0.9015625 0.09296875 0.09453125
0 0.3984375 0.978125 0.134375 0.04375
0 0.209375 0.89921875 0.078125 0.08984375
0 0 0.9191730078125 0.001587790625 0.9998782500000001 0.054356720312499995 0.9867018375000001 0.0710206296875 0.9307022734375 0.1293442421875 0.9092907609375 0.1682266046875 0.8598794015625 0.18674202812500001 0.80223281875 0.18396468593749998 0.7528214609375 0.1515626953125 0.7330568421875 0.0932391515625 0.74129206875 0.0552825484375 0.7808211796875 0.0191774578125 0.83682074375 0 0.8631734421875 0 0.9191730078125
0 0.2071089671875 0.43494167656249993 0.1848905140625 0.43494167656249993 0.1163834328125 0.4958823625 0.0636144328125 0.5716464203125 0.0599114046875 0.6177637375 0.0876845390625 0.6194108828125 0.166375090625 0.53705849375 0.20803479375 0.4827060125 0.21729250625000002 0.4563532515625 0.2071089671875 0.43494167656249993
0 0.353125 0.5296875 0.071875 0.04140625
0 0.4203125 0.54375 0.028125 0.02890625
0 0.45703125 0.5796875 0.0421875 0.0296875
0 0.686658540625 0.4367081 0.6912873953124999 0.41859056250000004 0.6718461453125 0.39717911250000004 0.6477760375 0.39388488593750004 0.6209287296875 0.385649659375 0.6033390625 0.36917920625 0.5783432687500001 0.34117942343749996 0.552421646875 0.3065914984375 0.5292773671875 0.2917680671875 0.53112888125 0.31317970625 0.5570505031249999 0.3428265078125 0.551495890625 0.3774144328125 0.5496443046875 0.38894388750000003 0.53112888125 0.40047309062499997 0.5126134578125 0.426825790625 0.532054709375 0.44329624218749997 0.5589020171875 0.45647259218749997 0.567233971875 0.4498844484375 0.5746401703124999 0.433413996875 0.6024133046875 0.4152964609375 0.6246317578125 0.433413996875 0.64036998125 0.4531785515625 0.6653657749999999 0.4844723734375 0.694064596875 0.5108251359375 0.7153573625 0.530589690625 0.7255409015625001 0.5454131234374999 0.732021271875 0.54706014375 0.757017065625 0.5322367109374999 0.7329471 0.48776660312500003 0.682029684375 0.46470781875 0.686658540625 0.4367081
0 0.5135392859375 0.35764987656249997 0.5190938984375 0.32141493125 0.5024299890624999 0.29341515 0.483914565625 0.2884740265625 0.4755826109375 0.2588271609375 0.4552156734375 0.2505919359375 0.43392290781250004 0.26047424375 0.4070755984375 0.2621212640625 0.381153978125 0.257180140625 0.3626385546875 0.27200357343750003 0.33856851718750003 0.2868269421875 0.33486541875000003 0.339532403125 0.3302365625 0.35106173281249997 0.32560770625 0.39553196874999996 0.3302365625 0.4251787703125 0.346900471875 0.4251787703125 0.34042003125 0.4498844484375 0.35060349999999996 0.4762371484375 0.3830054921875 0.48941349843750004 0.42003633906250004 0.4844723734375 0.4505868171875 0.47294304374999996 0.46262187031249996 0.4762371484375 0.48298880781250003 0.4548256984375 0.48298880781250003 0.4152964609375 0.498726890625 0.39059078125 0.5135392859375 0.35764987656249997