0 0.34985338593750004 0.8518583046874999 0.3857407796875 0.858199771875 0.41423954687500003 0.8629559953125 0.43640534375 0.8534436718749999 0.444849384375 0.8296628046875 0.43429427499999995 0.807467303125 0.4195171015625 0.766247159375 0.4080232 0.7629233531249999 0.3466869015625 0.7773448468749999 0.30868843749999997 0.793198759375 0.312910496875 0.8328335390625 0.34985338593750004 0.8518583046874999
0 0.48179227343750003 0.7979549796875001 0.51345760625 0.807467303125 0.5303457671875 0.7805157015625 0.529290271875 0.7583202015625 0.50712455625 0.7329539671874999 0.50712455625 0.7266123796875 0.469126171875 0.7234415234375 0.43851633437500004 0.7408809234375 0.4543490015625 0.7852718046875 0.48179227343750003 0.7979549796875001
0 0.70767174375 0.734539334375 0.7245598249999999 0.7614909359375 0.7900014796875 0.82015048125 0.8586097 0.837589759375 0.8987191546875 0.8264919484375 0.9029412953125 0.8138088937499999 0.8923861843750001 0.7947841265625 0.8353884890625001 0.7614909359375 0.806889721875 0.742466290625 0.7741688140625 0.7234415234375 0.72033784375 0.7202707890625 0.70767174375 0.734539334375
0 0.6950054812500001 0.6124642031249999 0.710838146875 0.5886833375 0.7066161671875 0.5664878359375 0.6538406125 0.5839271140625 0.6327303921875 0.609293409375 0.6601737453125 0.620391159375 0.6950054812500001 0.6124642031249999
0 0.6126756656250001 0.5617316734375 0.5683442296875 0.55380471875 0.4543490015625 0.563317040625 0.3941849 0.5744149125 0.4131840515625 0.609293409375 0.44907144531250004 0.6267326875 0.46595960625000005 0.6140496921875 0.48812532343750004 0.5855125421875 0.5166241703125001 0.5902688234375 0.5271792828125 0.6140496921875 0.5841768968750001 0.6267326875 0.596842996875 0.621976646875 0.6126756656250001 0.6029518203124999 0.6073981093749999 0.5902688234375 0.631674815625 0.5807563796874999 0.6126756656250001 0.5617316734375
0 0.25380189375 0.58234186875 0.22108106562500002 0.563317040625 0.17569405625 0.5744149125 0.1894157328125 0.6077079828125 0.22213656093749998 0.6283181156250001 0.26541249843750003 0.6425865984375 0.2865227203125 0.645757515625 0.3065774484375 0.6473427609375 0.32663217499999997 0.6330742765624999 0.305521953125 0.6140496921875 0.2770231046875 0.6140496921875 0.25380189375 0.58234186875
0 0.451182434375 0.4760056546875 0.43218328437500003 0.47759108125000005 0.41635061718750005 0.48076181562500003 0.40157344687499996 0.4696641265625 0.37518566875000003 0.4696641265625 0.3466869015625 0.4696641265625 0.37201910312500003 0.48393261093750006 0.384685284375 0.49820115468750004 0.4014251546875 0.515349575 0.4416829 0.512469640625 0.45751556718749997 0.5061281109375 0.463848615625 0.4902742 0.451182434375 0.4760056546875
0 0.345631325 0.49820115468750004 0.3699081125 0.50137195 0.37518566875000003 0.495030359375 0.3530199515625 0.48393261093750006 0.32663217499999997 0.48393261093750006 0.2960223375 0.4855180375 0.281245165625 0.46807869843749994 0.2611904375 0.4696641265625 0.2622460140625 0.495030359375 0.281245165625 0.5045426843749999 0.287578215625 0.5108842734375 0.2823006609375 0.5203965953125 0.305521953125 0.5536898453125 0.30868843749999997 0.5505190515625 0.323465609375 0.529908978125 0.3171325578125 0.5188112281249999 0.320299125 0.50137195 0.345631325 0.49820115468750004
0 0.1735830671875 0.47759108125000005 0.1778051265625 0.488688771875 0.1946932890625 0.4966157265625 0.2073593890625 0.48234724375000004 0.204192903125 0.4791764484375 0.190471228125 0.4728348609375 0.1735830671875 0.47759108125000005
0 0.3171325578125 0.43320008125 0.264357003125 0.42368775937500003 0.2432467828125 0.43002934687499994 0.24957983281249999 0.4395416703125 0.26752357031249996 0.442712465625 0.3097440125 0.44746862500000006 0.328743165625 0.45222478749999995 0.3403537703125 0.46015174375 0.3635750625 0.453810215625 0.3656860515625 0.4395416703125 0.35196445781249996 0.436370875 0.3171325578125 0.43320008125
0 0.3015625 0.38125 0.0296875 0.028125