0 0.52265625 0.85390625 0.0953125 0.08828125
0 0.4484375 0.72734375 0.16796875 0.08046875
0 0.3078125 0.80625 0.10546875 0.04296875
0 0.62578125 0.57890625 0.09375 0.0515625
0 0.6778287859375001 0.9303307343749999 0.7964713078125001 0.9612429859375 0.8428497796875 0.9726316515625 0.8417713109375 0.9352116609375001 0.8040214171875 0.8864028828125001 0.777057209375 0.84898276875 0.7837108703125 0.8113821140624999 0.7145002093749999 0.75787306875 0.6379217890625 0.79041225625 0.629293209375 0.8798950187499999 0.6778287859375001 0.9303307343749999
0 0.3434726734375 1 0.3316083546875 0.9514812562499999 0.327294146875 0.93846553125 0.2766013828125 0.940092465625 0.25934430625 0.9775125812500001 0.2744442796875 1 0.3434726734375 1
0 0.53828125 0.41328125 0.059375 0.021875
0 0.3671875 0.4953125 0.0484375 0.03046875
0 0.31796875 0.24609375 0.071875 0.0203125
0 0.24921875 0.3265625 0.05 0.0265625
0 0.4534866125 0.3983150171875 0.4642722984375 0.380418490625 0.461036559375 0.3446253734375 0.43622953593749997 0.3251018484375 0.36396540625 0.31208618593750004 0.33592264374999997 0.331609709375 0.3380798296875 0.35926796875 0.38661540781250003 0.357641034375 0.417893825 0.382045425 0.4200510109375 0.39343415312499996 0.43407235 0.4064498140625 0.4534866125 0.3983150171875