0 0.6719533656250001 0.80866429375 0.668377175 0.78925915625 0.6302314859375 0.7795565859375 0.5432118078125 0.756917175 0.47526483906249994 0.742363259375 0.42758279374999997 0.7439803328125 0.396589484375 0.7488316796875 0.3119538703125 0.7342777640625 0.22374206874999997 0.722958121875 0.18917256875 0.752065828125 0.1832123125 0.80543014375 0.23566257968749998 0.84424054375 0.32506641406250003 0.8313037046874999 0.377516684375 0.8199840593750001 0.425198728125 0.8377721250000001 0.45619203906249994 0.8426234718750001 0.5813574078125 0.852326040625 0.6421520890625 0.8345379749999999 0.6648009874999999 0.8199840593750001 0.6719533656250001 0.80866429375
0 0.3286426046875 0.59035599375 0.31553006093749997 0.57095079375 0.278576403125 0.5677165828125 0.19990104687500002 0.5774191515625 0.05923906875 0.701935784375 0.06758339062499999 0.732660690625 0.09738466875 0.7375120374999999 0.14932933125 0.7377777796875 0.229702325 0.7181067750000001 0.27738437031249996 0.6663595953125 0.3143379375 0.60976113125 0.3286426046875 0.59035599375
0 0.7565888875 0.8199840593750001 0.8376484 0.8167497890625001 0.97950259375 0.7989617250000001 1 0.769854015625 0.9353965562500001 0.7003187109375 0.8495689109375 0.6760622265625 0.829304078125 0.64857165625 0.7828141578125 0.6307834671875 0.7029465859374999 0.6275492578125 0.655264540625 0.6259321203125 0.6302314859375 0.6081441796875 0.604006396875 0.6178466265625 0.6135428421875 0.6598912359375 0.6470938625 0.749898990625 0.65884073125 0.7795565859375 0.6826817546874999 0.795727575 0.7565888875 0.8199840593750001
0 0.88652256875 0.994630675 0.9067874015624999 0.9703741906250001 0.8900987593749999 0.92671256875 0.8507610343750001 0.902456084375 0.8214604781249999 0.899393940625 0.7863901656250001 0.9283296421875 0.79354254375 0.9897794531249999 0.8173835671875 0.994630675 0.88652256875 0.994630675
0 0.5432118078125 0.5693336578125 0.5575163859375001 0.5580140140625 0.5384435859375001 0.5402258859375 0.5289071390625 0.5175865374999999 0.5432118078125 0.5046496984375 0.506258240625 0.488478709375 0.42758279374999997 0.4981813375 0.339371084375 0.4981813375 0.30480158125 0.49979841406250003 0.2952651375 0.485244559375 0.33460286093749997 0.44966836875 0.326258446875 0.44966836875 0.3095698046875 0.45775386406249996 0.284536659375 0.46907356875 0.2666558921875 0.4593709375 0.32506641406250003 0.43834866406249995 0.36201998125 0.4221776734375 0.36201998125 0.406006684375 0.33817895937500003 0.39792118906249996 0.28215259375 0.4124751046875 0.22135800312499998 0.46098807500000005 0.18917256875 0.4803932140625 0.1557951921875 0.49009584375 0.1081131453125 0.48686163281250006 0.07831186875 0.503032621875 0.0854641578125 0.514352328125 0.11288136875000002 0.5192036140625 0.16175544687500001 0.5192036140625 0.218973846875 0.5159694015625 0.253543346875 0.5111181171875 0.246391059375 0.5466943093750001 0.2606956359375 0.5596310859375 0.2928810703125 0.5612481625 0.3310266703125 0.5693336578125 0.365596171875 0.600058684375 0.378708715625 0.6129953421875001 0.40254973906249997 0.6129953421875001 0.42354691874999995 0.6084848515625 0.46692051875 0.60976113125 0.48480128593750005 0.5871217828125 0.506258240625 0.5693336578125 0.5432118078125 0.5693336578125
0 0.9151317234375 0.634017615625 0.9151317234375 0.600058684375 0.8734099328125 0.5660995093750001 0.8209597578125001 0.5580140140625 0.79473466875 0.51273519375 0.7494366890624999 0.514352328125 0.7244035421875 0.5272891093750001 0.7244035421875 0.5466943093750001 0.73990024375 0.5580140140625 0.744668375 0.5774191515625 0.7589731343749999 0.6049098468749999 0.8173835671875 0.6178466265625 0.8507610343750001 0.6388689624999999 0.882946378125 0.6372518265625 0.9151317234375 0.634017615625
0 0.7530128781250001 0.514352328125 0.7899663546875 0.514352328125 0.8591053562500001 0.514352328125 0.841224590625 0.4981813375 0.8233438234375001 0.47715906406249997 0.7899663546875 0.47392485312500005 0.7494366890624999 0.46422222187499995 0.66360904375 0.46745643281250004 0.623079196875 0.4787761375 0.6409599640625 0.503032621875 0.6946022640625 0.507883909375 0.708906840625 0.5111181171875 0.7387081203125 0.50950104375 0.7530128781250001 0.514352328125
0 0.691026075 0.465839359375 0.71248303125 0.44966836875 0.7005625203125 0.44643415937500003 0.6707612421875 0.43188024374999995 0.6445361546874999 0.43834866406249995 0.6111586859375 0.41894346406249994 0.5599005421875 0.425411884375 0.5539402875 0.444817084375 0.58748134375 0.46505050625 0.614734875 0.465839359375 0.6457282765625 0.45775386406249996 0.691026075 0.465839359375
0 0.67265625 0.53125 0.0921875 0.03984375
0 0.5671875 0.57734375 0.03046875 0.01875
0 0.55234375 0.53046875 0.0484375 0.0296875
0 0.5375 0.4078125 0.0375 0.0265625
0 0.559375 0.365625 0.10390625 0.03515625
0 0.6648009874999999 0.4140921796875 0.6445361546874999 0.39792118906249996 0.6135428421875 0.3898356953125 0.5944699531250001 0.3946869796875 0.5861256296875 0.40762375781250004 0.6028143640625 0.41732638906249997 0.6195030984375001 0.42864609531250003 0.629039453125 0.43026316875 0.6409599640625 0.435114453125 0.66360904375 0.43188024374999995 0.6946022640625 0.44805123281250003 0.7220194765625 0.44643415937500003 0.7303637984375 0.4367315890625 0.6981784546875 0.43188024374999995 0.6719533656250001 0.43026316875 0.6648009874999999 0.4140921796875
0 0.6734375 0.39296875 0.04921875 0.0296875
0 0.92265625 0.49453125 0.12109375 0.04296875