0 0.02418063125 0.8543723421875 0 0.8662839578125 0.0045761140625 0.9922073140625001 0.259435578125 1 0.3439541734375 0.99319728125 0.3607257875 0.9207373671875001 0.35419103281250003 0.8628806750000001 0.1875520203125 0.8424605968750001 0.02418063125 0.8543723421875
0 0.6907359375000001 0.813532315625 0.45548124218749997 0.8356540359375 0.3607257875 0.8526707 0.41627195781250004 0.8679855968749999 0.707073075 0.890107315625 0.8606423265625001 0.890107315625 0.8475725687500001 0.8441623671875 0.6907359375000001 0.813532315625
0 0.3999348203125 0.757377265625 0.275772715625 0.77099065 0.272505340625 0.798217290625 0.36726054218750004 0.823742290625 0.5731085874999999 0.8118306750000001 0.6319223890625 0.801620703125 0.5927131046875 0.7590790359375 0.3999348203125 0.757377265625
0 0.7332125984375 0.6961172906249999 0.6449918984375 0.7046256234375 0.795293775 0.7692890109375 0.88024684375 0.747167290625 0.8965839843750001 0.7148356625 0.7332125984375 0.6961172906249999
0 0.014378499999999999 0.7284489828125 0.12547109218750002 0.7097306125 0.0927968140625 0.6927139453125 0.027448257812499998 0.6825041 0.014378499999999999 0.7284489828125
0 0.537166934375 0.6246472796875 0.537166934375 0.611033959375 0.595980484375 0.6008239843750001 0.6286547609375 0.58380731875 0.5502366953125 0.559983959375 0.2627029546875 0.5293539734375 0.10259894843749999 0.5480722796874999 0.027448257812499998 0.5429672921875001 0.0013087390625000001 0.5804041015625 0.1483429875 0.6008239843750001 0.28557485 0.612735665625 0.3999348203125 0.6314541015625 0.4326090984375 0.6688906515624999 0.4869280296875 0.6785714296875 0.8050959078125001 0.68590731875 0.79856115 0.6331556125 0.6940033140625 0.6178406515625 0.537166934375 0.6246472796875
0 0.008986853125 0.6700680296875 0.0699246703125 0.6484707671875001 0.02418063125 0.6348573187500001 0 0.6348573187500001 0.008986853125 0.6700680296875
0 0.272505340625 0.5259506265625 0.2692377125 0.5157406515625 0.0661763953125 0.5170068046875 0.0927968140625 0.5395639453125 0.184284640625 0.53275731875 0.272505340625 0.5259506265625
0 0.501225278125 0.48170731875 0.30844699375 0.457883959375 0.1385406015625 0.4680939984375 0.0731920484375 0.4936189984375 0.11240132968750001 0.5038289734375 0.468551003125 0.5191439984375 0.501225278125 0.48170731875
0 0.2888424765625 0.36599399843749997 0.22022629375 0.38811565312499996 0.223493921875 0.40002733125 0.3153594015625 0.4149659875 0.723410215625 0.4187456390625 0.7005383203125 0.39322063906250004 0.5829109703124999 0.37450233125 0.2888424765625 0.36599399843749997
0 0.47421875 0.3375 0.48203125 0.04453125
0 0.45625 0.31015625 0.4453125 0.021875
0 0.40078125 0.2765625 0.19453125 0.02890625