0 0 0.7988806828125 0.007229996875 0.9265541468749999 0.053512240625 0.9718054203125 0.13609429374999998 0.8829188484375001 0.18782156562500002 0.8473642671875 0.192359040625 0.8312030703125 0.190544009375 0.781103390625 0.1851599515625 0.7575206953125 0.20415643593750002 0.7972645875000001 0.24680875468750002 0.8198902828125 0.3357432484375 0.805345184375 0.379303046875 0.7568615984375 0.3883779984375 0.7455486875 0.4228628453125 0.7229231765625 0.45099518437499997 0.7116102015625 0.4591626546875 0.671207215625 0.4310302484375 0.635652575 0.3956379875 0.604946340625 0.40562042187499997 0.5871689890625 0.4219552953125 0.6033301843750001 0.4401052 0.61464303125 0.4709600515625 0.619491378125 0.49364743437499997 0.5904012390625 0.5145198515625 0.5435338109375001 0.5190573281249999 0.5031308234375 0.53448471875 0.488585721875 0.5526346234374999 0.540301559375 0.5771370375 0.55646275625 0.6225117296875 0.54514990625 0.69511135 0.5192920187500001 0.7404861109375 0.5015146671874999 0.72324375625 0.4869696265625 0.7468386890625001 0.47727287343749997 0.755006090625 0.4659600265625 0.8040107765625001 0.4594955859375 0.90928028125 0.4594955859375 0.9555625937500001 0.4594955859375 0.9927698156250001 0.4045474953125 0.9954923296875 0.3770734515625 0.9800649375000001 0.3673767578125 0.9591925187499999 0.3302060234375 0.9383201015625 0.3237415203125 0.9110952453125 0.343134965625 0.839403175 0.3625284125 0.72142879375 0.3722251046875 0.67514648125 0.3609122578125 0.6905738734375 0.33828661875 0.6724239671875 0.312428671875 0.6297717203125 0.32535767656250003 0.5408372265625 0.3399027171875 0.5199648078125 0.3560639109375 0.5018149046875 0.37868960937499996 0.4818500375 0.39161855156250003 0.429215284375 0.4077797484375 0.36841313124999997 0.41747644062499994 0.31214838437500003 0.42232484843749996 0.24680875468750002 0.432021540625 0.23319632656249997 0.420708690625 0.2096014640625 0.4029314015625 0.11340691249999998 0.4239409421875 0.025379903125 0.43363763593750004 0.122481865625 0.4594955859375 0.159689225 0.4611116796875 0.1751166171875 0.47727287343749997 0.13609429374999998 0.5063630125 0.1351868125 0.5241403640625 0.16422670156250002 0.5370693078125 0.1959890359375 0.5273726171875001 0.239548765625 0.5128275140625 0.24771623593749997 0.4918179734375 0.2812935328125 0.472424528125 0.310333421875 0.48212122031250004 0.2676811046875 0.5063630125 0.2440862421875 0.5257564593749999 0.20234147500000002 0.5322209625000001 0.1515217546875 0.55807885 0.1533367171875 0.58878514375 0.17159323906249999 0.60433444375 0.1678566265625 0.604946340625 0.13246436875 0.645349328125 0.126111859375 0.6130269375 0.0970720390625 0.619491378125 0.06349467343750001 0.6566621765625 0.0544197234375 0.6792878140624999 0 0.671207215625 0 0.7988806828125
0 0.1421875 0.9828125 0.08203125 0.034375
0 0.40703125 0.909375 0.13125 0.10234375
0 0.5375 0.82734375 0.05390625 0.0390625
0 0.540625 0.95546875 0.0671875 0.05625
0 0.45546875 0.825 0.05 0.03828125
0 0.4625 0.753125 0.09140625 0.05234375
0 0.64765625 0.75390625 0.065625 0.109375
0 0.603125 0.65859375 0.0640625 0.04453125
0 0.5546875 0.5953125 0.071875 0.0515625
0 0.684375 0.58984375 0.09140625 0.05234375
0 0.67734375 0.546875 0.0375 0.01875
0 0.73515625 0.5546875 0.03515625 0.0265625
0 0.75859375 0.52890625 0.0234375 0.01328125
0 0.7613585296875 0.6663589921875 0.76861851875 0.6388848234375 0.7479010453125 0.6303250578124999 0.7005563765625 0.658278396875 0.6969264500000001 0.7164585484375 0.729596196875 0.7051457609375 0.7613585296875 0.6663589921875
0 0.8094558046874999 0.608178590625 0.7985658890625 0.592017396875 0.76680355625 0.604946340625 0.787675975 0.6275719765625001 0.8076408421875 0.6162591890625 0.8094558046874999 0.608178590625
0 0.970082434375 0.5031308234375 0.9573775578125 0.5710077921875001 0.9927698156250001 0.5968657421875 0.9991222546875 0.46757618125 0.9927698156250001 0.4401021359375 0.970082434375 0.5031308234375
0 0.775 0.30390625 0.06953125 0.02578125