0 0.9689614687500001 0.648611671875 0.988438790625 0.5727069890625 0.9875112453125 0.4770011421875 0.993076234375 0.463800346875 0.949484290625 0.37469486875 0.8910524703125 0.298790246875 0.8669377062500001 0.2789890234375 0.8465329828125 0.2624880140625 0.838185640625 0.28063916093749997 0.8511704265625 0.307040753125 0.8697202015625001 0.33014219218749996 0.847460528125 0.33014219218749996 0.8344756 0.32024154843749997 0.8075784828125 0.28723952812500003 0.7862462125 0.295490034375 0.7751163765625 0.31364118125 0.7407993203125 0.305390678125 0.7101921625000001 0.31364118125 0.6934973375 0.3152912578125 0.6851499953125 0.308690828125 0.6795850046874999 0.29218981875 0.6693827140625 0.2657882265625 0.6387755562499999 0.2723886578125 0.6295006703125 0.2888896671875 0.6322831625 0.31364118125 0.6322831625 0.33014219218749996 0.6007484609375 0.3284920515625 0.5590114671874999 0.32519183906250004 0.532114278125 0.338392696875 0.520984440625 0.3647942875 0.520984440625 0.389545803125 0.532114278125 0.4093470265625 0.559938940625 0.40439673750000005 0.5896186234374999 0.4093470265625 0.623008275 0.389545803125 0.6146607921875 0.3515934921875 0.6461954953125 0.35984399843750003 0.6730926125 0.35489370781249996 0.6740201578125 0.3664443625 0.661962775 0.37469486875 0.6387755562499999 0.39614623125000004 0.6489778484375 0.4241978984375 0.6730926125 0.442349046875 0.7092646171875 0.4241978984375 0.7305968875 0.41594739531249997 0.741726725 0.4373987578125 0.72410449375 0.45224962812499997 0.71297465625 0.48030135781250005 0.7324518375 0.5067029484375001 0.7890287078125 0.5710569109375 0.8446780328125 0.6519118859375 0.879922634375 0.6667627578124999 0.921659628125 0.66181259375 0.9689614687500001 0.648611671875
0 0.8038685843750001 0.2410367125 0.8279832062500001 0.2459870015625 0.8354031453124999 0.222885628125 0.813143471875 0.20803469375 0.7157571515625001 0.1964839734375 0.6703101171875 0.1981341421875 0.6415580515625 0.20308440156250002 0.6137333890625001 0.1931837890625 0.5961110171875 0.1915336828125 0.5961110171875 0.204734478125 0.6007484609375 0.20638461718749998 0.5942560671875 0.224535703125 0.58869115 0.23113613125 0.5970384921874999 0.24928721718750002 0.6489778484375 0.2575377234375 0.7305968875 0.26083793593750004 0.7602764984375 0.244336928125 0.8038685843750001 0.2410367125
0 0.7955211 0.1585316625 0.7704789328125 0.1486311140625 0.6675276234374999 0.150281159375 0.6489778484375 0.153581340625 0.6656726734375 0.1667821671875 0.6805125515625 0.173382628125 0.7686239828125 0.18328317656249998 0.794593696875 0.1783328546875 0.799231140625 0.1667821671875 0.7955211 0.1585316625
0 0.6814399546875001 0.1073785890625 0.6795850046874999 0.12552964375 0.6916423875000001 0.13708033125000002 0.785318809375 0.1321301046875 0.7778988703125 0.112328815625 0.7315244328125 0.0892274078125 0.6814399546875001 0.1073785890625
0 0.92258703125 0.14698094374999998 0.889197521875 0.128829825 0.8678652515625 0.1040783109375 0.8585903640625 0.120579321875 0.8446780328125 0.1387304375 0.8196358640625 0.153581340625 0.8252007125 0.173382628125 0.83725809375 0.1799829640625 0.8576628187500001 0.1915336828125 0.9142396906249999 0.1898836390625 0.9337170109375 0.168432275 0.909602246875 0.1618318453125 0.92258703125 0.14698094374999998
0 0.6378480109375 0.42914825156249997 0.6081684 0.40439673750000005 0.5868361296875 0.4258480359375 0.5627214359375 0.4225478234375 0.5191294921875 0.430798328125 0.5070721109375 0.45719991875000004 0.531186803125 0.473700928125 0.576530590625 0.4601113203125 0.5924010484375 0.460500134375 0.6508329390625 0.450599553125 0.6378480109375 0.42914825156249997
0 0.6601078265625 0.5776573421875 0.6730926125 0.546305396875 0.65732533125 0.49845244375000003 0.6257906281250001 0.48030135781250005 0.5942560671875 0.5083530859375001 0.5914735734375001 0.5628064078125 0.63135561875 0.5925082125000001 0.6601078265625 0.5776573421875
0 0.4690450859375 0.6123095640625 0.48388489218749997 0.617259728125 0.48759486093750004 0.595808553125 0.485739840625 0.5595061921875 0.4597701984375 0.5677566984375 0.43936540312499994 0.5892079984375 0.4690450859375 0.6123095640625
0 0.476464953125 0.4935021546875 0.5034786421875 0.5034013625 0.521911915625 0.4869017875 0.49594227343749997 0.47535106875000005 0.476464953125 0.4935021546875
0 0.48666738593750003 0.430798328125 0.49594227343749997 0.4093470265625 0.484812365625 0.41099710156249997 0.47090003437499994 0.43574861875000004 0.4579151765625 0.43904883281249996 0.43936540312499994 0.4274981140625 0.40968579062500005 0.43574861875000004 0.386498571875 0.47865128125 0.3920634890625 0.4951522921875 0.41988815312499994 0.472050853125 0.447712815625 0.470400778125 0.48017492187500005 0.472050853125 0.4913048296875 0.462150271875 0.48944980937500004 0.450599553125 0.48666738593750003 0.430798328125
0 0.362383878125 0.546305396875 0.370731290625 0.5215538828125 0.354963940625 0.5050528734374999 0.301169634375 0.53970496875 0.30766202656249997 0.5809574937499999 0.33734163906250003 0.5760072046875 0.362383878125 0.546305396875
0 0.250157753125 0.691514271875 0.1917259328125 0.7987708390625 0.09990453125 0.95388035625 0.09990453125 0.9885324531249999 0.17039366250000001 0.990182528125 0.2603601140625 0.9951328828125 0.2473752578125 0.9406794984375001 0.23902784375000002 0.89117646875 0.3020971078125 0.8878763171875 0.344761578125 0.8829259640625 0.39948342812500004 0.8449737171875 0.4069032953125 0.8103216218749999 0.379078634375 0.7641187421875 0.339196659375 0.741017303125 0.309516975 0.7080152828124999 0.3040352296875 0.6848072578125 0.305807078125 0.6453115828125 0.319719409375 0.62386015625 0.29560464531249997 0.6024088578125 0.250157753125 0.691514271875
0 0.5831261609375 0.8268226296875 0.5998209859375 0.8202222015625 0.62022578125 0.8350731359375001 0.6397029609375 0.8350731359375001 0.6545428375 0.80867141875 0.6415580515625 0.7575183125 0.60260348125 0.729466646875 0.5800092546875 0.7363430234375 0.5256218859375 0.7492678078125 0.5246944109375 0.818572125 0.5562290437499999 0.8383732875 0.5831261609375 0.8268226296875
0 0.6814399546875001 1 0.70740966875 0.97368151875 0.7101921625000001 0.93242899375 0.6897874390625 0.907677478125 0.6554703828124999 0.9126278328125 0.6007484609375 0.9406794984375001 0.63135561875 1 0.6814399546875001 1
0 0.5738512734375 1 0.5571565171875 0.9258286890624999 0.5256218859375 0.86807515625 0.494087253125 0.8961268234374999 0.48017492187500005 0.95388035625 0.494087253125 0.99678295625 0.5488091046875 1 0.5738512734375 1
0 0.45142278437499994 1 0.434727959375 0.947279928125 0.38000617812500004 0.937379346875 0.356818959375 1 0.41246828593749996 1 0.45142278437499994 1
0 0.2826198578125 0.22948599375 0.2937496953125 0.21133490625 0.22697053281250001 0.2195854125 0.2427378140625 0.25093729531250003 0.2677799828125 0.24763714218750002 0.2826198578125 0.22948599375