0 0 0.510095728125 0.0002263234375 0.57503868125 0.0471024046875 0.5717082578125 0.067682190625 0.6133383828125 0.07339878749999999 0.6416468765625 0.1031250765625 0.643312121875 0.12599146562500002 0.6766162171875 0.114558271875 0.74488965625 0.0779720828125 0.8348106203125001 0.029952612499999996 0.9164056859375 0 0.9946703906250001 0.425541221875 1 0.43196109375 0.9885583546875001 0.47241730156250006 0.864784359375 0.530726578125 0.7931804984374999 0.5421597734375 0.736563634375 0.5101467921875 0.6766162171875 0.45183751718750004 0.6416468765625 0.3763784484375 0.6416468765625 0.3946715421875 0.6033473046875 0.42439783125 0.58502995 0.44383431562500003 0.5550562109375 0.45183751718750004 0.5234173546875 0.4849937984375 0.4967740390625 0.50328689375 0.448483134375 0.473560603125 0.431831084375 0.4495509140625 0.425170240625 0.471274 0.39020096406250004 0.47927720156250003 0.36688806875 0.4541242078125 0.31193632031249996 0.42782782499999994 0.3219275234375 0.40953473125000006 0.335249215625 0.3992448375 0.3402448171875 0.38323834843750004 0.38687054062500004 0.3820950453125 0.42183981875 0.396958234375 0.463469940625 0.3672318578125 0.5067653062499999 0.350082065625 0.5284129562500001 0.27919629375 0.548395428125 0.24947000468749997 0.57503868125 0.2689064015625 0.5267477781250001 0.28491289218750004 0.47679163124999996 0.3237857703125 0.42183981875 0.350082065625 0.38687054062500004 0.36265865 0.3718836703125 0.3798084421875 0.338579575 0.38095174374999996 0.32026234531250003 0.36380195312499997 0.3185971640625 0.34550885781249996 0.32692319062499997 0.31806917343749996 0.325257946875 0.2974893875 0.3302535484375 0.26661979687500004 0.3502360203125 0.25289991093749997 0.36355764687500003 0.248326703125 0.416844215625 0.20831052031250002 0.463469940625 0.1785841453125 0.47679163124999996 0.1557177546875 0.471795965625 0.14542795 0.4618047625 0.1339947546875 0.4501483140625 0.1305647609375 0.43516150781249996 0.1179882640625 0.39686174375 0.09626517812499999 0.37854451718750004 0.057392296875000005 0.36688806875 0.0150895109375 0.403522590625 0 0.4151790359375 0 0.510095728125
0 0.303205984375 0.471795965625 0.303205984375 0.49510885781249997 0.331788971875 0.49344367968749997 0.35808535468749997 0.47013078437500005 0.3420788640625 0.4468178921875 0.32492907187500003 0.440157109375 0.303205984375 0.471795965625
0 0.5753160546875 0.338579575 0.53987316875 0.373548915625 0.5467330671874999 0.4368266890625 0.5787459609375001 0.5051000640625001 0.632482028125 0.5234173546875 0.6679250031249999 0.49011325625 0.6633516187499999 0.425170240625 0.6359120218750001 0.36688806875 0.5753160546875 0.338579575
0 0.790260153125 0.9047493015624999 0.8257029515625 0.85146266875 0.8257029515625 0.7865197796875 0.790260153125 0.7265723656249999 0.7273775796875 0.7015942921875 0.657635021875 0.681611821875 0.577602659375 0.683277 0.5787459609375001 0.7548808609375001 0.68507479375 0.8664495375 0.790260153125 0.9047493015624999
0 1 0.5833647078124999 0.9548980859375 0.5733735015625 0.8531427234375 0.5517258515625 0.8268463390624999 0.5417345828125 0.7993138671875 0.5288121515624999 0.7410973796875 0.5433998265625 0.739953990625 0.62332965 0.7994067421875 0.6782815234374999 0.8737225078125 0.681611821875 0.9514680921875 0.654968503125 1 0.6383164546875 1 0.5983515749999999 1 0.5833647078124999
0 0.5238666796875 0.2469933046875 0.48042050312500006 0.2270108953125 0.43811771874999994 0.22368047343750003 0.3855250390625 0.2553193265625 0.40610473750000003 0.29361909218750004 0.43811771874999994 0.29861469375 0.4781339 0.3019451171875 0.5090034906249999 0.3302535484375 0.510577446875 0.32702309375 0.5433030750000001 0.3402448171875 0.552449665625 0.31526674374999997 0.5535929671875001 0.27363662031249997 0.5238666796875 0.2469933046875
0 0.7468139765624999 0.3519012625 0.7788269578125 0.31526674374999997 0.7308075734374999 0.288623425 0.6519184250000001 0.288623425 0.606185646875 0.286958246875 0.5947524515625 0.29361909218750004 0.595895753125 0.3136014984375 0.6149227859375 0.341585190625 0.6187621437499999 0.3618924671875 0.6724982109375001 0.3618924671875 0.7468139765624999 0.3519012625
0 0.7685369765625001 0.263645353125 0.7410973796875 0.2270108953125 0.729664184375 0.2036980015625 0.707941184375 0.210358846875 0.6747848140625 0.2370021 0.661065015625 0.250323725 0.6542050296874999 0.26864101875 0.6793581984375 0.27696704375 0.7056544062500001 0.285293065625 0.7445273718750001 0.2836278234375 0.7685369765625001 0.263645353125
0 1 0.8897624328125 0.99491426875 0.8631191812499999 0.975477871875 0.8664495375 0.9537548703125 0.864784359375 0.95947146875 0.8314802609375 0.964044678125 0.7815241140625 0.9194552874999999 0.7715329109375 0.882868925 0.7931804984374999 0.8588593203125001 0.8364759265625 0.8497127296875 0.8930927921875 0.870292515625 0.941383759375 0.8988755015625 0.98301388125 0.9351057484374999 0.9885583546875001 0.93774829375 0.9613662953125001 0.9468948859375 0.9363882203125 0.9583280796875 0.93139255625 0.9903410593749999 0.9530402703125 1 0.9447142453125 1 0.8897624328125
0 0.8634325281249999 0.43516150781249996 0.9091653078125 0.433496265625 0.9308884828125 0.4301658421875 0.935461690625 0.42017463906249997 0.9617580734375 0.40851819218749996 0.985767678125 0.4068530109375 0.9811944703125001 0.39020096406250004 0.9526114828125 0.36355764687500003 0.9057353140625001 0.3602272890625 0.8931589046875 0.38687054062500004 0.8760091125 0.37521409375000003 0.8474261265624999 0.3618924671875 0.8154131453125 0.373548915625 0.8016933453125 0.38687054062500004 0.8108399374999999 0.3985269890625 0.8108399374999999 0.41018343437500004 0.758247171875 0.4068530109375 0.707941184375 0.4068530109375 0.7010811984374999 0.4384918671875 0.704511190625 0.44515271093750003 0.7102277875 0.45347873749999995 0.7478558921875 0.4768046609375 0.7971199640625 0.49011325625 0.8302763328125 0.47679163124999996 0.839422925 0.45347873749999995 0.8634325281249999 0.43516150781249996
0 0.47470390625 0.1637330921875 0.522723378125 0.16706348124999998 0.519293384375 0.18704595156249998 0.530726578125 0.2086936046875 0.5272965843749999 0.23367167812499998 0.53987316875 0.2453281234375 0.5387297796875 0.228676075 0.5352998734375001 0.1987024 0.5421597734375 0.1887111640625 0.5421597734375 0.16706348124999998 0.5352998734375001 0.1520767078125 0.5272965843749999 0.14375068124999998 0.52500998125 0.118772609375 0.5158633906250001 0.1154421234375 0.4998569875 0.118772609375 0.47927720156250003 0.13708980625 0.468987309375 0.127098634375 0.46212741093750004 0.132094171875 0.45526750937499993 0.147081040625 0.450694215625 0.1653982703125 0.4266845234375 0.1737242953125 0.39810153593750003 0.1803851390625 0.40267483125 0.20536318125 0.40953473125000006 0.21535444843749998 0.4276729296875 0.20844601875 0.47470390625 0.20536318125 0.4861371 0.1953719765625 0.48728040312500004 0.1803851390625 0.47470390625 0.1637330921875
0 0.6313387265625 0.2386672796875 0.6381986265624999 0.22035005000000002 0.67021160625 0.2170196296875 0.6976512046875001 0.1953719765625 0.682788015625 0.170393903125 0.69193460625 0.15374185625 0.67707141875 0.1287637796875 0.6587784125 0.13542465937499998 0.657635021875 0.1520767078125 0.64048523125 0.15374185625 0.6244787406250001 0.1570722453125 0.6187621437499999 0.1770547796875 0.6153322375 0.1887111640625 0.6141889359375 0.20536318125 0.6153322375 0.23034125468750002 0.6063464578125 0.250052009375 0.6164755390625001 0.26864101875 0.632482028125 0.2619801734375 0.6313387265625 0.2386672796875
0 0.565625 0.625 0.05859375 0.046875
0 0.50234375 0.525 0.04296875 0.06328125
0 0.9625 0.46875 0.03125 0.0296875
0 0.84921875 0.5046875 0.02578125 0.01796875
0 0.990625 0.43828125 0.01875 0.0296875