0 0.586341559375 0.9582488609375 0.634324559375 0.8523050453125001 0.5852256921875 0.7598144578125 0.46471008593749996 0.7463612296875 0.3865981421875 0.8422151875000001 0.41043524218750005 0.9500000015625 0.4423923875 0.9750653312500001 0.5283155765624999 0.9918818015624999 0.586341559375 0.9582488609375
0 0.549517321875 0.5832415171875 0.48368018125 0.5849231390625 0.44908768125 0.6151927734375 0.46471008593749996 0.6673238703125 0.522042384375 0.7021008421875 0.550633275 0.6807771625 0.580762134375 0.6387359859374999 0.549517321875 0.5832415171875
0 0.309602065625 1 0.335267453125 0.97338358125 0.35646928437500003 0.8792113718750001 0.350889859375 0.7631777 0.3832505390625 0.6790954124999999 0.4066841046875 0.559698434375 0.414495265625 0.51429395 0.4178429546875 0.46888953125 0.44685594375 0.42516666875000003 0.46471008593749996 0.3898521078125 0.43792883125 0.3579007875 0.434581228125 0.3141779890625 0.4066841046875 0.30240644843750003 0.3877140109375 0.3209045390625 0.4022205484375 0.342766003125 0.3720916890625 0.406668578125 0.36539631093749997 0.4672078453125 0.3374991890625 0.5008407874999999 0.340846878125 0.5546535046875001 0.32076091562500003 0.6151927734375 0.2984432171875 0.7060018671875 0.2504602171875 0.7581328375 0.252691953125 0.8304435828125 0.2794732078125 0.8859379875 0.26273493281250004 0.9649753453125 0.27612551875 1 0.309602065625 1
0 0.9356134859375 0.6858219625 0.9646265609375 0.67573210625 0.981364834375 0.6471442203125 0.9702059859375 0.616874459375 0.9367294390625001 0.5882865734375 0.8917410453124999 0.5781512625 0.8418792203125 0.6034212953125 0.8463426921874999 0.6471442203125 0.8809351937500001 0.67573210625 0.9356134859375 0.6858219625
0 0.674496484375 0.5496085765625 0.68788706875 0.6000579875 0.7191318812499999 0.61182953125 0.7570719 0.6000579875 0.778273815625 0.5849231390625 0.7715784375 0.5580168125 0.7302907296875001 0.5395186562500001 0.674496484375 0.5496085765625
0 0.49372307656250003 0.47561608125 0.498186634375 0.5008407874999999 0.522736153125 0.5210205640625001 0.5640238609375 0.527747178125 0.60865925625 0.5109307078125 0.6075433890624999 0.473934459375 0.5584444359375 0.4621629171875 0.49372307656250003 0.47561608125
0 1 0.47729776562500004 0.9757854109374999 0.4621629171875 0.9166434765625 0.4587996109375 0.908832315625 0.48906924375000005 0.9322659671875 0.5378370343750001 0.9690900328125001 0.5697883546875 1 0.547926890625 1 0.47729776562500004
0 0.87081470625 0.466806725 0.8173297875 0.45375468281250003 0.819561521875 0.47729776562500004 0.8619651828125001 0.4907509296875 0.87081470625 0.466806725
0 0.6811918609375 0.47225277343750005 0.6566422578125 0.4621629171875 0.6622216812499999 0.48234269375 0.6800759078125 0.4924325515625 0.6811918609375 0.47225277343750005
0 0.8240249937499999 0.40162365 0.7927803531250001 0.3747172578125 0.75372438125 0.3595824734375 0.7291747765625 0.3595824734375 0.7202478343750001 0.3713539515625 0.714668409375 0.3864888 0.6956982296875001 0.3932154140625 0.6867712859374999 0.40162365 0.6956982296875001 0.4369382125 0.7157841921875 0.4520730609375 0.732522465625 0.46048129531250004 0.7593038062499999 0.46048129531250004 0.7838532390624999 0.4369382125 0.8206774749999999 0.4285299765625 0.8418792203125 0.42012174062499996 0.8240249937499999 0.40162365
0 0.5216202 0.381443871875 0.5149249078125 0.4100318859375 0.5439378984375 0.4234850484375 0.575182709375 0.43189328437499996 0.5986162765625 0.42012174062499996 0.61535455 0.3864888 0.596384540625 0.37639894375 0.5428220296874999 0.3730356375 0.5216202 0.381443871875
0 0.6477153140625 0.3209045390625 0.6454834078125 0.3091330625 0.6332087765625001 0.31081468437500004 0.5796462671875 0.3057697546875 0.5539808796875 0.3091330625 0.55732856875 0.329312775 0.586341559375 0.3444476234375 0.5885732953125 0.3663090234375 0.60865925625 0.3747172578125 0.6376722484374999 0.3747172578125 0.6979301359375001 0.36126409375 0.709088984375 0.342766003125 0.6811918609375 0.329312775 0.6477153140625 0.3209045390625
0 0.6287452203125 0.2502754140625 0.6354405125 0.23345894375 0.61981810625 0.22168740312500002 0.5975004078125 0.2233690234375 0.586341559375 0.2166424734375 0.565139728125 0.206552553125 0.550633275 0.21159748281250002 0.5361267375 0.2166424734375 0.5338950015624999 0.22000571562500001 0.5048819265625 0.22000571562500001 0.49372307656250003 0.2553203421875 0.512693171875 0.2822266703125 0.5338950015624999 0.29399821249999997 0.5527343499999999 0.3008403375 0.6131228140625 0.29399821249999997 0.620933975 0.28558997812500003 0.620933975 0.27718174218749997 0.6287452203125 0.2502754140625
0 0.68125 0.2703125 0.06171875 0.04375
0 0.7234375 0.309375 0.0328125 0.02109375
0 0.5015625 0.32578125 0.07734375 0.01328125
0 0.4890625 0.284375 0.0375 0.009375