0 0.45847897031249996 0.808335525 0.4873630140625 0.8999408515624999 0.5340219328125 0.9249241218750001 0.59956655 0.9265896484375 0.6440034828125001 0.9066030828124999 0.6540019125 0.88828204375 0.637777753125 0.83062838125 0.631783403125 0.74504465 0.5629059765625 0.743378996875 0.49847226874999995 0.7550379328125 0.45847897031249996 0.808335525
0 0.0685441625 0.7183957890625 0.0474365625 0.7666967421875001 0.061878628125 0.8116667046874999 0.0933333078125 0.822305453125 0.14741985156249998 0.765031215625 0.1707492671875 0.72339243125 0.136310596875 0.7000746859375 0.0685441625 0.7183957890625
0 0.340720890625 0.2403825296875 0.2873964375 0.255372453125 0.23740479374999998 0.2653658 0 0.47355972343749997 0.0018886375 0.5818205625 0.34294270937500004 0.285352428125 0.3951562546875 0.225392540625 0.38849071875 0.2153992578125 0.340720890625 0.2403825296875
0 0.61956315625 0.54351289375 0.659556540625 0.5085362765625 0.641781665625 0.4818874796875 0.579569859375 0.4635663765625 0.5040268953125 0.47189413281250003 0.47069913281250003 0.495211878125 0.475277753125 0.5330836484375 0.5340219328125 0.5601684078125 0.5817916750000001 0.5568372921875 0.61956315625 0.54351289375
0 0.7284338828125 0.42359318124999995 0.701771740625 0.3919476796875 0.6306724109374999 0.3869510375 0.576237046875 0.39361327031250004 0.568460603125 0.41859653906250005 0.584999975 0.4456928859375 0.640670840625 0.4519075671875 0.682885871875 0.44691086406249997 0.7284338828125 0.42359318124999995
0 0.3829360921875 0.41193430937500003 0.34294270937500004 0.4269242953125 0.34294270937500004 0.44857645156250003 0.3573847734375 0.45523862031249995 0.38222219687500003 0.456096546875 0.442925996875 0.44191422031250005 0.444036990625 0.4219275921875 0.43514955312500003 0.41193430937500003 0.3829360921875 0.41193430937500003
0 0.2896183390625 0.3836199234375 0.2873964375 0.3952787953125 0.30406031875 0.41693094999999997 0.328500728125 0.39361327031250004 0.3296116375 0.3852855109375 0.309614946875 0.373626640625 0.2896183390625 0.3836199234375
0 0.4207074890625 0.3669644078125 0.3984889796875 0.3586366515625 0.3818250984375 0.36363329375000003 0.3651612171875 0.39361327031250004 0.38737972656249997 0.4069376671875 0.4129310453125 0.405272078125 0.4295949265625 0.3852855109375 0.4207074890625 0.3669644078125
0 0.33405535625 0.32865673906250004 0.311836846875 0.34864336875 0.3151695734375 0.3619677671875 0.32516791875 0.3686299984375 0.340720890625 0.36529888125 0.37627047187499996 0.3603022421875 0.3829360921875 0.34031561250000003 0.3707158453125 0.33198785625 0.33405535625 0.32865673906250004
0 0.4840302890625 0.356971125 0.497361359375 0.345312253125 0.48777775312499994 0.3187682078125 0.4451478984375 0.3269912140625 0.451813434375 0.356971125 0.46514450468749996 0.3619677671875 0.4840302890625 0.356971125
0 0.53624375 0.4069376671875 0.580680765625 0.381954396875 0.6006774593750001 0.3619677671875 0.587346303125 0.3503088953125 0.5484639125 0.3503088953125 0.5251344953125 0.3469777796875 0.4751428515625 0.3669644078125 0.477364753125 0.4135998359375 0.497361359375 0.4135998359375 0.53624375 0.4069376671875
0 0.700660746875 0.33198785625 0.685107859375 0.3169978671875 0.620674065625 0.31866345625000003 0.60734299375 0.32865673906250004 0.6095648109375 0.343646728125 0.6640001734375 0.356971125 0.690662484375 0.34864336875 0.700660746875 0.33198785625
0 0.6306724109374999 0.30533899375 0.618452246875 0.2953457109375 0.585124484375 0.28868348125 0.55290763125 0.2936801859375 0.547353003125 0.31200122656249996 0.5451311875 0.31533234062500004 0.51957986875 0.31866345625000003 0.5218017703125 0.3353189703125 0.544020278125 0.3419811390625 0.562777753125 0.3416562640625 0.57401523125 0.33198785625 0.5840135765625 0.3269912140625 0.6228959656249999 0.3169978671875 0.6306724109374999 0.30533899375
0 0.57401523125 0.263700209375 0.551796721875 0.23538588749999997 0.527356396875 0.23372029843750003 0.5118034234375 0.24371364375 0.5173580515625 0.25703804375 0.51957986875 0.26203468281250003 0.518468959375 0.2786901984375 0.5162471421875 0.2820213140625 0.5252777531249999 0.300041615625 0.56512779375 0.29701123749999997 0.5840135765625 0.28868348125 0.585124484375 0.2753590828125 0.57401523125 0.263700209375
0 0.4329277359375 0.2953457109375 0.412777753125 0.275072828125 0.38404699999999997 0.2870179546875 0.3951562546875 0.32366009687499997 0.4162638546875 0.32366009687499997 0.4329277359375 0.2953457109375
0 0.42737310937500006 0.24371364375 0.43737137031250006 0.268696915625 0.451813434375 0.2753590828125 0.472921034375 0.2753590828125 0.49847226874999995 0.260369159375 0.49402863437500005 0.2503758125 0.4662554984375 0.2403825296875 0.42737310937500006 0.24371364375
0 0.6440034828125001 0.22872365781249998 0.585124484375 0.22872365781249998 0.564016884375 0.23705141406250002 0.564016884375 0.24537917031249998 0.5933333078125 0.252184771875 0.6340052218750001 0.255372453125 0.690662484375 0.2503758125 0.6773312453125 0.22872365781249998 0.6440034828125001 0.22872365781249998
0 0.61956315625 0.11046956562500002 0.592900928125 0.125459459375 0.5462420953125 0.1537738453125 0.5051378890625 0.208737028125 0.535132840625 0.2120681421875 0.596233740625 0.14877717031249998 0.627339684375 0.118797321875 0.61956315625 0.11046956562500002
0 0.6306724109374999 0.163767159375 0.604010184375 0.16043610625 0.596233740625 0.1870848734375 0.589166640625 0.2168123203125 0.602899275 0.22372701562500003 0.62845059375 0.21040261562499998 0.639559846875 0.185419378125 0.6306724109374999 0.163767159375
0 0.671875 0.1046875 0.0515625 0.025