0 0.34296875 0.52734375 0.09140625 0.07265625
0 0.509375 0.47421875 0.10546875 0.059375
0 0.52734375 0.55625 0.06875 0.04453125
0 0.50546875 0.88671875 0.20078125 0.19453125
0 0.7578125 0.73984375 0.13984375 0.1265625
0 0.97265625 0.72109375 0.0546875 0.07421875
0 0.828125 0.534375 0.18671875 0.06640625
0 1 0.334615246875 0.9308692671875001 0.2822433015625 0.518386709375 0.103076084375 0.4319813828125 0.06862085 0.5008999515625 0.13615315625 0.574961615625 0.16371734375 0.5729043765624999 0.1774994375 0.6284505859375 0.22160209531250002 0.7642304859375 0.2974035828125 0.8712084265625 0.3525319578125 1 0.4476284234375 1 0.334615246875
0 0.82578125 0.42421875 0.1078125 0.04140625
0 0.2484375 0.12578125 0.05078125 0.015625
0 0.290625 0.21953125 0.06875 0.01796875
0 0.26640625 0.1546875 0.0515625 0.0125
0 0.27890625 0.11015625 0.02578125 0.01953125
0 0.32890625 0.0609375 0.0375 0.03828125
0 0.43203125 0.171875 0.22421875 0.0328125
0 0.54296875 0.21328125 0.07421875 0.02265625
0 0.7046875 0.3203125 0.125 0.05390625
0 0.33203125 0.2640625 0.06640625 0.0203125
0 0.40703125 0.321875 0.05234375 0.01640625
0 0.42890625 0.29453125 0.075 0.01640625
0 0.46328125 0.37578125 0.03828125 0.034375
0 0.3630628921875 0.097563253125 0.423752353125 0.11823639374999999 0.4114086890625 0.10031965625000001 0.3630628921875 0.097563253125
0 0.43984375 0.1359375 0.02734375 0.01328125