0 0.45546875 0.81015625 0.22734375 0.109375
0 0.29921875 0.7265625 0.1 0.0328125
0 0.32109375 0.621875 0.08515625 0.040625
0 0.34765625 0.46328125 0.08125 0.0359375
0 0.390625 0.51796875 0.03359375 0.0328125
0 0.3375 0.425 0.078125 0.0328125
0 0.6421875 0.69296875 0.0625 0.06953125
0 0.86171875 0.6609375 0.08515625 0.06328125
0 0.68515625 0.6 0.125 0.075
0 0.95859375 0.5328125 0.08203125 0.0796875
0 0.8609375 0.4640625 0.06015625 0.03359375
0 0.7984375 0.41328125 0.05546875 0.04453125
0 0.91171875 0.43671875 0.06875 0.0296875
0 0.528125 0.41953125 0.03125 0.0140625
0 0.71484375 0.371875 0.028125 0.01328125
0 0.79140625 0.3765625 0.06015625 0.02734375
0 0.3328125 0.27734375 0.0515625 0.025
0 0.6390625 0.31171875 0.06796875 0.040625
0 0.63515625 0.9375 0.1640625 0.125
0 0.03828125 0.25546875 0.07578125 0.0453125
0 0.134375 0.20703125 0.0875 0.0359375
0 0.54609375 0.25703125 0.05546875 0.02734375
0 0.5 0.2109375 0.125 0.02578125
0 0.2453125 0.215625 0.0734375 0.00546875
0 0.1625 0.184375 0.040625 0.0125
0 0.1984375 0.17734375 0.025 0.015625