0 1 0.34927242187499996 0.87419951875 0.1912972359375 0.8118722171874999 0.1240737203125 0.8184827984374999 0.172810696875 0.843980278125 0.20306126562500001 0.8685333500000001 0.2652430296875 0.843980278125 0.3055771640625 0.824148825 0.3694394890625 0.816593978125 0.38792593124999997 0.7740981296875 0.398009496875 0.7382128625 0.39632887031249997 0.7164927328124999 0.41145418749999996 0.701383040625 0.44338538125 0.7108265625 0.47699713906249996 0.7391571265625 0.4820388890625 0.75898858125 0.4870806390625 0.741045803125 0.5055670812499999 0.72310316875 0.5223729578125 0.703271715625 0.5459012140625 0.6928839265625 0.5677488421875 0.7117709718749999 0.5862353484375 0.7570999046875 0.614805290625 0.7825973859375 0.6366529843750001 0.8014844296874999 0.680348371875 0.8373698421875 0.79967001875 0.860920875 0.9934914984375001 0.9960208953125 1 1 0.7610164453125 1 0.34927242187499996
0 0.6730524734375 0.74084944375 0.6230017796875 0.8063923953125001 0.6088365687499999 0.87193521875 0.6088365687499999 0.9038664140625 0.6116695812499999 0.9374781703125 0.749545059375 0.9744511796875001 0.7807087109374999 0.8971440375 0.7637103421875 0.8282399609375 0.7136596468749999 0.7610164453125 0.6730524734375 0.74084944375
0 0.7731538640625 0.6618618015625 0.7401015375 0.629930734375 0.6787186453125 0.6047219171875 0.5946712859375001 0.63329179375 0.580506003125 0.641694734375 0.5776729171875 0.6820288062500001 0.6097809062499999 0.698834684375 0.6711637984375 0.7122794359375 0.7552110859375001 0.7374881921875 0.778819890625 0.7122794359375 0.7731538640625 0.6618618015625
0 0.3661380109375 0.5996800390625 0.3170317265625 0.6669035515624999 0.33969619375 0.73076600625 0.3982460015625 0.74084944375 0.42185480468750003 0.7341270671875 0.46151756875 0.74253000625 0.49173688125000004 0.688751309375 0.4728498390625 0.63329179375 0.42846524218750004 0.6030412265625 0.3661380109375 0.5996800390625
0 0.44546361093750003 0.529095334375 0.4369644265625 0.5677488421875 0.4652949921875 0.6047219171875 0.4775716 0.61312485625 0.50791025 0.6344740718749999 0.5417875046875 0.6080829765625 0.53517706875 0.5492624015625001 0.500236065625 0.519011834375 0.44546361093750003 0.529095334375
0 0.57295115625 0.529095334375 0.581450340625 0.5627070921875 0.5993930468750001 0.5811935328125 0.6354191046875 0.5861851796875001 0.64944366875 0.5492624015625001 0.6343341203125 0.5055670812499999 0.603170396875 0.497164140625 0.57295115625 0.529095334375
0 0.351028390625 0.426579503125 0.34536229218750003 0.4635523828125 0.349139715625 0.46691357343749995 0.36708235 0.47027475937499996 0.402023425 0.44842713125 0.395412915625 0.43162125468749996 0.37652587187500003 0.41649593749999997 0.351028390625 0.426579503125
0 0.07716625625 0.41481537343749997 0.004451203125 0.4517883203125 0.00067370625 0.4870806390625 0.0072841796875000005 0.50220595625 0.0223938 0.4954835796875 0.1196621046875 0.44842713125 0.12155078125 0.4232183140625 0.10832990625000001 0.41481537343749997 0.07716625625 0.41481537343749997
0 0.580506003125 0.3576753625 0.5890051140625 0.3862453671875 0.6116695812499999 0.3929677453125 0.64944366875 0.39632887031249997 0.6541654296875 0.37280067968749997 0.6447219093750001 0.3576753625 0.5975042984375001 0.34086948281249996 0.580506003125 0.3576753625
0 0.67890625 0.3875 0.03203125 0.01796875
0 0.6703125 0.30625 0.08828125 0.0453125
0 0.53046875 0.30390625 0.05234375 0.02734375
0 0.40859375 0.28046875 0.046875 0.01953125
0 0.6126139921875 0.22490896093749999 0.5975042984375001 0.22322833281249999 0.562563296875 0.2366730234375 0.5323439828125001 0.258520715625 0.53706574375 0.27028478125 0.56067455 0.2736459703125 0.6135582578125 0.2602012796875 0.625834865625 0.2433954015625 0.6248905984375 0.2366730234375 0.6126139921875 0.22490896093749999