0 0 0.642145878125 0.022066343750000002 0.637381221875 0.0818777828125 0.57702873125 0.152252934375 0.5449996171875 0.1015173296875 0.61196963125 0.0658090109375 0.70249843125 0.086341321875 0.84543836875 0.125620484375 0.9010261453125 0.196144425 0.8565558765624999 0.3166599953125 0.758086146875 0.355939090625 0.62626365625 0.3818276328125 0.5722640765625 0.3871838671875 0.5277938671875 0.36575893125 0.4944412234375 0.35326100625 0.46744143437499996 0.370222471875 0.4610885203125 0.38986201875000004 0.48014720000000005 0.430033875 0.5341467796875 0.4586005015625 0.5579701125 0.4791328109375 0.54685254375 0.49163073593749995 0.502382334375 0.5023432031249999 0.45791206406249996 0.5344806765625 0.470617890625 0.5567983734374999 0.464264978125 0.580901528125 0.43567699062500004 0.6032192281250001 0.41026539843750004 0.6228587734375 0.38485386718750003 0.6648160203125 0.3896185203125 0.6898118703125 0.3943831765625 0.7067734015625 0.36103053281249997 0.6987389484375 0.34356011406250003 0.710344178125 0.3260896328125 0.71391495625 0.3006781015625 0.7032024890625 0.292736990625 0.6808847890624999 0.29908984375 0.6416056953125 0.3022663 0.58536506875 0.2975016453125 0.5692962984375 0.29908984375 0.5684036031249999 0.3308542875 0.5817942234375 0.33561900312500004 0.5630473703125001 0.3499129671875 0.49430881875 0.364206990625 0.4541369609375 0.3546776203125 0.4023599421875 0.3657951890625 0.3818276328125 0.37691275625 0.33808493125 0.39120678125 0.2979130734375 0.39120678125 0.27291729375 0.3896185203125 0.20150065781249998 0.421382965625 0.12115694531250001 0.48491185468750003 0.0229590375 0.5341467796875 0 0.5579701125 0 0.642145878125
0 0.04259861875 0.8772028125 0.00022319375 0.8396825421875 0 0.9788489374999999 0.0140319578125 0.9645550343749999 0.04259861875 0.8772028125
0 0.6237515375 0.8803792093749999 0.6219661484375 0.6913807421875 0.5514421406250001 0.602440321875 0.45145887812499996 0.6151462078125001 0.42646302968749994 0.6723220624999999 0.438839265625 0.8654761921875 0.4594932640625 0.9867900484375 0.6041120578125 0.9947311593749999 0.6237515375 0.8803792093749999
0 0.8603191390625 0.7644389390625 0.8522846843749999 0.65326344375 0.7844389640625 0.54049963125 0.6782066390625 0.51826455625 0.6210733859374999 0.591322875 0.6041120578125 0.6643809515625 0.6648160203125 0.7390274078125 0.7130223296875 0.7676154562499999 0.79068789375 0.7930269875 0.8603191390625 0.7644389390625
0 0.5496567515625 0.47220608906250006 0.540729671875 0.49285296562500003 0.56049105 0.5281746046875 0.6023265328125 0.51826455625 0.5987556875 0.4896765078125 0.580008834375 0.46902963125 0.5496567515625 0.47220608906250006
0 0.5969702296875 0.44997095312499996 0.5996483828125 0.47220608906250006 0.6416056953125 0.51826455625 0.66392339375 0.49761761875 0.667494171875 0.46744143437499996 0.6433910843749999 0.44679455625 0.5969702296875 0.44997095312499996
0 0.813005590625 0.4452062984375 0.8451431312500001 0.4452062984375 0.8951346921875001 0.45155921250000003 0.9085253124999999 0.424559421875 0.7987222093749999 0.3657951890625 0.748730646875 0.3721481015625 0.7457589078125 0.401190478125 0.7496232734375 0.43408873124999997 0.7737264953125 0.44838275625 0.813005590625 0.4452062984375
0 0.7264129500000001 0.2657372015625 0.7531941875 0.2593842875 0.8076492890625 0.2720901140625 0.8228254328125001 0.2562078921875 0.811220203125 0.229208103125 0.7639066546875 0.22761984375000002 0.7639066546875 0.218090534375 0.7630138921875 0.1926790328125 0.7335546390625 0.18314963281250002 0.7112369421875 0.1926790328125 0.7005243375 0.1942672015625 0.69070463125 0.20856125625000002 0.6532109265625 0.17997320781249998 0.6398203078125 0.17997320781249998 0.6273223140625 0.1672674125 0.6023265328125 0.172032096875 0.580901528125 0.18156140625 0.57197445 0.20379654062500002 0.57197445 0.214914078125 0.590721303125 0.229208103125 0.6344640046875 0.2228551890625 0.6587053375 0.2404761921875 0.6603524796875 0.26097254687500004 0.6817775515625 0.2720901140625 0.7264129500000001 0.2657372015625
0 0.884422225 0.26891365624999997 0.884422225 0.2975016453125 1 0.34197185625 0.99958149375 0.26891365624999997 0.8933493046875001 0.246678521875 0.884422225 0.26891365624999997
0 0.5434077546875 0.257796090625 0.5148411281249999 0.24985497968749998 0.49252342968749996 0.246678521875 0.46663488593749997 0.22761984375000002 0.4469953390625 0.2196787328125 0.4291411796875 0.2196787328125 0.42735572343749995 0.23397275624999997 0.42467764218750004 0.257796090625 0.434497415625 0.257796090625 0.4532442671875 0.2593842875 0.47288388281250004 0.26732539843750003 0.44967342187500003 0.2816194234375 0.4407463421875 0.31020741093750004 0.4443171875 0.33720720000000004 0.46127865312500005 0.34832476875 0.49575890781250004 0.34166666874999996 0.53358798125 0.31338386875 0.5425150609375 0.29114873124999996 0.5487640578125 0.2784429671875 0.5434077546875 0.257796090625
0 0.5749999796874999 0.24246031875 0.5755452953125 0.2720901140625 0.5826869171875 0.2736783125 0.5862577625000001 0.2530314359375 0.5749999796874999 0.24246031875
0 0.34140625 0.28828125 0.125 0.040625
0 0.38125 0.24921875 0.03359375 0.0171875
0 0.36484375 0.228125 0.06640625 0.01875
0 0.27265625 0.36875 0.071875 0.02265625
0 0.33046875 0.36328125 0.04140625 0.0203125
0 0.3487974671875 0.025915642187499997 0.33808493125 0.029092096875 0.33362139062499996 0.05609185625 0.32647976875 0.067209425 0.332728696875 0.086268103125 0.3496901609375 0.0878563015625 0.3523683125 0.068797653125 0.355939090625 0.038621406250000004 0.3487974671875 0.025915642187499997