0 0.823457703125 0.9108723890625001 0.846469803125 0.9537927375 0.9424854281249999 0.9985014046874999 0.9996187109375001 0.9680994296875 1 0.8178784125 0.9099512546874999 0.7821114796875 0.771879021875 0.7982064906249999 0.6837985796875 0.7570745984375 0.6139689578125 0.7374028796875 0.544139334375 0.7660163328125 0.55762911875 0.7195194125000001 0.4433624921875 0.6873290484375 0.2108617078125 0.7105776781250001 0.20372003125 0.7284611453125 0.2275255765625 0.7481328625 0.3156060796875 0.7910532140625001 0.3878162203125 0.801783265625 0.43145971875000005 0.8536453484375001 0.47351620624999996 0.860798628125 0.65602544375 0.8572219859375 0.823457703125 0.9108723890625001
0 0.8877327218750001 0.630102075 0.9004289406250001 0.5657214859375 0.8528178499999999 0.55677975 0.8163160875000001 0.5442613109375001 0.8210771234375001 0.4959759359375 0.754421646875 0.4870342015625 0.690146628125 0.5120710828124999 0.6647540703125 0.5442613109375001 0.6528512984375 0.562144778125 0.6687216625 0.596123325 0.713158728125 0.596123325 0.7901299640625 0.6265252328125 0.8179031 0.6408319921875 0.8305994390624999 0.6461970890625001 0.8877327218750001 0.630102075
0 0.471135628125 0.3332364109375 0.37750052031250003 0.308199528125 0.358456071875 0.3386014375 0.3703588453125 0.358273221875 0.42114401875 0.3600616109375 0.452884746875 0.397616865625 0.4671680375 0.4011935703125 0.5131921140625 0.39046345 0.5203337890624999 0.3600616109375 0.5060504375 0.3457547828125 0.471135628125 0.3332364109375
0 0.48621248437500003 0.2330889515625 0.4497106609375 0.2617025421875 0.42193752656249994 0.2813743265625 0.4243181046875 0.308199528125 0.4568523375 0.3135645546875 0.5838152421875 0.29210438125 0.5822281703125001 0.2742209140625 0.536204153125 0.2509724203125 0.48621248437500003 0.2330889515625
0 0.2410153609375 0.36363825 0.139445071875 0.347543171875 0.07278953437499999 0.3618499296875 0.0664413953125 0.4155003328125 0.114846021875 0.445902240625 0.146586746875 0.4351721171875 0.18705616249999998 0.4226537453125 0.30290980156249997 0.4244420671875 0.327508853125 0.39046345 0.32909592499999996 0.36363825 0.2410153609375 0.36363825
0 0.0870728859375 0.9162374859375 0.1799144875 0.860798628125 0.21324222499999998 0.8160899578125 0.2243514921875 0.7856881171875 0.21324222499999998 0.7695929703125 0.1688491875 0.746648796875 0.05771267812500001 0.7856881171875 0.0061339968750000005 0.8232433718750001 0.014069178125000002 0.8733171343749999 0.0870728859375 0.9162374859375
0 0.29735519843749997 0.8912006031249999 0.271169075 0.964522790625 0.2949746203125 1 0.560009696875 0.9859828984375 0.5894841078125 0.9633601453124999 0.6044467625000001 0.8965655609375001 0.55762911875 0.8536453484375001 0.39654496875 0.8500685734375001 0.29735519843749997 0.8912006031249999
0 0.54140625 0.64453125 0.159375 0.071875
0 0.62109375 0.4359375 0.09921875 0.0484375
0 0.6828125 0.4859375 0.07578125 0.04140625
0 0.72890625 0.29453125 0.0859375 0.0421875
0 0.7140625 0.3984375 0.08046875 0.0453125
0 0.55859375 0.40390625 0.0734375 0.04765625
0 0.296875 0.49296875 0.13671875 0.0421875
0 0.45234375 0.5265625 0.053125 0.02890625
0 0.2484375 0.65234375 0.08828125 0.0484375
0 0.08046875 0.590625 0.1390625 0.17890625