0 0.8585903640625 0.688214059375 0.838185640625 0.6535620890625 0.8493154765625001 0.6370610796875 0.8808500374999999 0.6189098656249999 0.8975448640625 0.5991086421875 0.898472409375 0.5727069890625 0.8743576453124999 0.5479554734375001 0.8363306906249999 0.544655321875 0.7778988703125 0.554555903125 0.6981347812500001 0.5611563312500001 0.6295006703125 0.5710569109375 0.5821986859375 0.5809574937499999 0.56643140625 0.6024088578125 0.5701413734375 0.6304605234375 0.5868361296875 0.64366138125 0.6267181749999999 0.6552120390625 0.6192982359375 0.6964645625 0.5998209859375 0.709665421875 0.5979660375 0.741017303125 0.6155883375 0.7542181609374999 0.6545428375 0.7558682375 0.6832950453125 0.780619753125 0.72410449375 0.8119716968749999 0.7296694828125 0.8119716968749999 0.7539424640625 0.79406308125 0.8678652515625 0.7723692468750001 0.9170221843749999 0.7426673781249999 0.898472409375 0.6964645625 0.8585903640625 0.688214059375
0 0.6137333890625001 0.778969675 0.54695415625 0.8004209140625 0.5293318546875 0.84827386875 0.5395342171874999 0.9109777546875 0.59332859375 0.9720314421875 0.6332105671875 0.9753317203125 0.6692949687499999 0.9795918390624999 0.643413 0.8878763171875 0.6777300562499999 0.8218722765625 0.6554703828124999 0.78887025625 0.6137333890625001 0.778969675
0 0.435655503125 1 0.485739840625 0.9703813671875 0.5061446359375 0.7905203328125 0.49594227343749997 0.7162657875 0.44864029062500005 0.7080152828124999 0.37536873437499996 0.7344168734375 0.350326496875 0.80867141875 0.34383410312499996 0.8895263921875 0.4078308421875 1 0.435655503125 1
0 0.018285562499999998 0.9159279843749999 0.06466 0.9439797750000001 0.07949980625 0.9423296999999999 0.10691092499999999 0.9156874890625 0.0971221078125 0.818572125 0.04332773125 0.7839199046875 0.0136481546875 0.84827386875 0.018285562499999998 0.9159279843749999
0 0.0025182125 0.5413551062499999 0 0.615609653125 0.0071556562500000006 0.6255102328125 0.046110225 0.587558046875 0.07857233125 0.5562059796875001 0.083209775 0.5067029484375001 0.0349803171875 0.4968023671875 0.0025182125 0.5413551062499999
0 0.367021321875 0.42914825156249997 0.309516975 0.460500134375 0.2900397265625 0.5034027953125 0.3141544203125 0.5413551062499999 0.369803746875 0.5413551062499999 0.424525596875 0.5166035921875001 0.45142278437499994 0.513303378125 0.47368252968749996 0.49845244375000003 0.4792474484375 0.472050853125 0.46348016718749996 0.42089774531249996 0.43194553437499994 0.42089774531249996 0.367021321875 0.42914825156249997
0 0.48944980937500004 0.377995084375 0.49965217187500005 0.4225478234375 0.531186803125 0.4373987578125 0.5636489109375 0.44729933749999995 0.5757062921875 0.42914825156249997 0.5896186234374999 0.41099710156249997 0.56550393125 0.361494071875 0.511709553125 0.3466432015625 0.48944980937500004 0.377995084375
0 0.38742604531249997 0.3268419765625 0.401338378125 0.358193859375 0.426380615625 0.36809450312499997 0.43843792812500004 0.3713947171875 0.4597701984375 0.37469486875 0.476464953125 0.3433429859375 0.467190065625 0.31034096875 0.4217431734375 0.305390678125 0.38742604531249997 0.3268419765625
0 0.4885223359375 0.24928721718750002 0.45606022812499997 0.2410367125 0.426380615625 0.2575377234375 0.41988815312499994 0.2789890234375 0.43843792812500004 0.295490034375 0.452350259375 0.3020904625 0.4652133375 0.3013811609375 0.49686974843750004 0.29383995625 0.513564503125 0.2773389484375 0.513564503125 0.255887646875 0.4885223359375 0.24928721718750002
0 0.43287301093749997 0.20638461718749998 0.38742604531249997 0.214635121875 0.358673909375 0.236086421875 0.357746434375 0.2525874328125 0.38172539687499996 0.2663368390625 0.44122042187500005 0.24763714218750002 0.46348016718749996 0.236086421875 0.456987703125 0.21298498437500002 0.43287301093749997 0.20638461718749998
0 0.38000617812500004 0.1667821671875 0.329921771875 0.1799829640625 0.311371996875 0.194833865625 0.3364141640625 0.2014342625 0.356818959375 0.204734478125 0.4115407390625 0.2014342625 0.428235565625 0.1931837890625 0.40968579062500005 0.17668277968749999 0.38000617812500004 0.1667821671875
0 0.42916304062500005 0.1189292453125 0.44493039218749997 0.120579321875 0.466262590625 0.12552964375 0.47553747812499997 0.11727913906250001 0.45142278437499994 0.10242823593749999 0.425453071875 0.1073785890625 0.3651663015625 0.1139789234375 0.3410516078125 0.1189292453125 0.352181515625 0.13708033125000002 0.359601384375 0.1387304375 0.3725862390625 0.15193126562499998 0.40968579062500005 0.150281159375 0.41988815312499994 0.14698094374999998 0.423598121875 0.12552964375 0.42916304062500005 0.1189292453125
0 0.6749475609375 0.3037405375 0.69627983125 0.2740387328125 0.71297465625 0.25093729531250003 0.6907148421875 0.23113613125 0.6647452703125001 0.216285196875 0.6536152921875 0.21133490625 0.6240723359375 0.21067821250000002 0.5794162609375 0.2591877984375 0.5961110171875 0.307040753125 0.6387755562499999 0.31364118125 0.6749475609375 0.3037405375
0 0.5163469968750001 0.23113613125 0.532114278125 0.2212354875 0.5386067421875 0.21133490625 0.544063059375 0.179756753125 0.4792474484375 0.18328317656249998 0.47553747812499997 0.20638461718749998 0.49594227343749997 0.226185778125 0.5163469968750001 0.23113613125
0 0.5228393921875 0.153581340625 0.5154195234375 0.12552964375 0.465335115625 0.1321301046875 0.47090003437499994 0.153581340625 0.5024346671875 0.1585316625 0.5228393921875 0.153581340625
0 0.9958587281250001 0.4076968890625 0.988438790625 0.32024154843749997 0.9439193015624999 0.34829327656250003 0.960614128125 0.40439673750000005 0.9912212859375 0.4175975328125 0.9958587281250001 0.4076968890625
0 0.90403725625 0.2690884421875 0.9114571953124999 0.244336928125 0.8743576453124999 0.226185778125 0.8400405890625 0.23113613125 0.8493154765625001 0.2641381515625 0.8771401390625 0.2740387328125 0.90403725625 0.2690884421875
0 0.75625 0.221875 0.08828125 0.021875
0 0.796875 0.2796875 0.0296875 0.0515625
0 0.66640625 0.17734375 0.11328125 0.01953125
0 0.575 0.14296875 0.03125 0.0578125
0 0.6671875 0.1515625 0.0796875 0.0265625
0 0.89921875 0.48359375 0.06875 0.0796875