0 0.788009740625 0.85337948125 0.76926295625 0.9343787890625 0.779975425 0.977260740625 0.7844389640625 0.9947311593749999 0.9897617890625 0.999495875 0.9486971687500001 0.8772028125 0.8567482249999999 0.8216150359375 0.788009740625 0.85337948125
0 0.5344806765625 0.7358510125 0.5496567515625 0.8073210109375 0.6005410765625 0.84543836875 0.6228587734375 0.8470265671874999 0.6514254015625001 0.8311443437499999 0.671065084375 0.7342628140625 0.6282150765625001 0.67549851875 0.5684036031249999 0.6818514312499999 0.5344806765625 0.7358510125
0 0.344333928125 0.6500869890625001 0.2880933015625 0.6548517640625 0.24792144375 0.7739683687500001 0.2193548171875 0.8978496296875 0.215783971875 0.9979076765625001 0.255063134375 1 0.31398184375 0.9852018515625 0.3934328640625 0.88196740625 0.4032526359375 0.742203925 0.386291171875 0.67549851875 0.344333928125 0.6500869890625001
0 0.059560084375 0.6342047671875 0.023851765625 0.6786750968749999 0.0149246875 0.74061560625 0.04081323125 0.77238005 0.0747360921875 0.7644389390625 0.072058009375 0.7453803203125 0.1675777296875 0.6866162078125 0.171148575 0.646910653125 0.1354402578125 0.61832254375 0.059560084375 0.6342047671875
0 0 0.4293240765625 0.0006413390625000001 0.4626767796875 0.0247444609375 0.47697074375000004 0.061345471875 0.5007940765625001 0.196144425 0.44997095312499996 0.280951678125 0.41026539843750004 0.282737065625 0.3785009546875 0.2586339796875 0.35785407812500003 0.23810166875 0.3276778921875 0.192573578125 0.30703095468749997 0.1416891859375 0.3292660890625 0.0943757078125 0.34356011406250003 0.089019471875 0.36261873125 0.0756288546875 0.34038365625 0.0515256984375 0.351501225 0.027422578125000003 0.3753245578125 0.0256371890625 0.386442065625 0 0.392794978125 0 0.4293240765625
0 0.2532776765625 0.24350206562499999 0.2720245984375 0.2546196328125 0.34522662187500003 0.19903185625 0.32112353437499996 0.184737921875 0.2532776765625 0.24350206562499999
0 0.42735572343749995 0.45791206406249996 0.46038595937500004 0.42614762031250003 0.5032358984374999 0.4372651875 0.5309098984375 0.42773587968750004 0.541622365625 0.41185365625000003 0.52198281875 0.3880303234375 0.473776578125 0.38326566875 0.434497415625 0.3896185203125 0.3943255578125 0.381677409375 0.37825678749999997 0.3721481015625 0.360402628125 0.3721481015625 0.2988058375 0.392794978125 0.325587075 0.4388534453125 0.366651625 0.45950032343749997 0.42735572343749995 0.45791206406249996
0 0.254170440625 0.499205878125 0.2782735265625 0.4896765078125 0.292556840625 0.465853175 0.267561059375 0.4372651875 0.234530825 0.45155921250000003 0.2336381296875 0.4912647671875 0.254170440625 0.499205878125
0 0.41664325625 0.5992639859375 0.4550297234375 0.5611465078125 0.434497415625 0.5341467796875 0.3880766296875 0.5039705328124999 0.35326100625 0.5103234453125001 0.31308915000000004 0.5532053968749999 0.331836003125 0.6246753968750001 0.363973475 0.6294401109375001 0.41664325625 0.5992639859375
0 0.525553596875 0.6405576187500001 0.5193046671875 0.592910953125 0.4791328109375 0.5802051875 0.43896095468749996 0.613557890625 0.4630640421875 0.659616296875 0.512162978125 0.6643809515625 0.525553596875 0.6405576187500001
0 0.5835796109375 0.592910953125 0.61214630625 0.5738523343749999 0.5862577625000001 0.5071469890625 0.5880431515625 0.48491185468750003 0.564832759375 0.45950032343749997 0.5193046671875 0.45950032343749997 0.499665121875 0.48014720000000005 0.5264463593750001 0.5262056687500001 0.5300171359375 0.5674994203125 0.5443005171874999 0.5802051875 0.5835796109375 0.592910953125
0 0.762121265625 0.659616296875 0.76658480625 0.70249843125 0.79068789375 0.7358510125 0.8174691296875001 0.7501450359375 0.8428571234375 0.75436508125 0.866568065625 0.708851221875 0.837108678125 0.6643809515625 0.7844389640625 0.646910653125 0.762121265625 0.659616296875
0 0.9245940812500001 0.6580281 0.9361993125 0.6850278890625 0.9558388609374999 0.69455731875 0.9817273359375 0.692969 0.9817273359375 0.662792875 0.9620877890624999 0.646910653125 0.93530655 0.6357929640625 0.9245940812500001 0.6580281
0 0.6808847890624999 0.5071469890625 0.66392339375 0.54049963125 0.6782066390625 0.5849698421875 0.7032024890625 0.5992639859375 0.7192712578125 0.6056167796875 0.7496232734375 0.6199107421875001 0.7683701953125001 0.588146296875 0.7540868140625 0.537323175 0.7157004812500001 0.5055587312500001 0.6808847890624999 0.5071469890625
0 0.682670178125 0.41026539843750004 0.646069234375 0.407089003125 0.6380347828125 0.4150301140625 0.631785853125 0.42614762031250003 0.5987556875 0.421382965625 0.5692962984375 0.42614762031250003 0.563940065625 0.4372651875 0.5889359140625 0.46902963125 0.6166098453125 0.47220608906250006 0.6487473859375 0.4610885203125 0.7049878765625001 0.464264978125 0.7085587906249999 0.44044164375 0.682670178125 0.41026539843750004
0 0.6210733859374999 0.35785407812500003 0.6005410765625 0.381677409375 0.6041120578125 0.3896185203125 0.6218749796874999 0.40714285781250004 0.656781703125 0.40550074374999995 0.672850471875 0.381677409375 0.6558889406249999 0.3657951890625 0.6210733859374999 0.35785407812500003
0 0.513055740625 0.353089421875 0.5112702828125 0.37055984375 0.5201973625 0.3753245578125 0.53147319375 0.3813492078125 0.5496567515625 0.3753245578125 0.5505494453125 0.3562658796875 0.5353734390625 0.353089421875 0.513055740625 0.353089421875
0 0.5103775890625 0.324501434375 0.499665121875 0.3276778921875 0.5024553375 0.345634921875 0.5318025921875 0.351501225 0.540729671875 0.33720720000000004 0.5300171359375 0.3276778921875 0.5103775890625 0.324501434375
0 0.4889525859375 0.286384078125 0.474669271875 0.2943251890625 0.4719911203125 0.3086192125 0.48448904531250003 0.324501434375 0.501450509375 0.31179566875 0.5148411281249999 0.29908984375 0.50680674375 0.28956053437499996 0.4889525859375 0.286384078125
0 0.37421875 0.32890625 0.034375 0.02578125
0 0.4109375 0.30078125 0.028125 0.021875
0 0.42656247968749994 0.3218253984375 0.4469953390625 0.314972065625 0.43717556562500004 0.30703095468749997 0.4211067953125 0.3086192125 0.42656247968749994 0.3218253984375
0 0.4375 0.2734375 0.0328125 0.02265625
0 0.4578125 0.2546875 0.0203125 0.025
0 0.48984375 0.246875 0.028125 0.01640625
0 0.4875 0.221875 0.0140625 0.0109375
0 0.4890625 0.209375 0.02265625 0.0140625
0 0.30859375 0.32890625 0.028125 0.02578125