0 0.09218594531249999 0.7977991375 0.13168549062499998 0.90635965625 0.25474182500000003 0.93689234375 0.36108682187499996 0.9419810406250001 0.4220322546875 0.9413011234375 0.49325853124999997 0.8351168843749999 0.38387503437500003 0.767266578125 0.23499210937499998 0.753696465625 0.09218594531249999 0.7977991375
0 0.604161103125 0.628173371875 0.5828920796875 0.5620193609374999 0.46743182031249997 0.5755894109375 0.4112209375 0.628173371875 0.42793227187499994 0.7062012640625001 0.4887008421875 0.711290021875 0.5752960078125 0.6841498625 0.604161103125 0.628173371875
0 0.2714531578125 0.51452409375 0.19853094375 0.5433604875 0.19397325468749999 0.60272950625 0.23651129843750002 0.64174341875 0.35652925 0.5976408765625 0.3853942265625 0.560323065625 0.34741386875 0.54166425625 0.2714531578125 0.51452409375
0 0.3762789625 0.417837459375 0.3580484390625 0.3754310171875 0.30639513125 0.3686459609375 0.22131915625 0.3771272484375 0.1711850390625 0.4246224515625 0.1240894203125 0.4500663171875 0.09370513593749999 0.468725190625 0.10864194062500002 0.5026488671875 0.298799059375 0.5060428078125 0.39450960468749996 0.47381395 0.39450960468749996 0.44328132499999995 0.3762789625 0.417837459375
0 0.6664488640624999 0.4466737875 0.67860285625 0.47551018125000005 0.7012345328125 0.48993430781249997 0.7500057625000001 0.47042142187499997 0.715063790625 0.40426734687500004 0.6527760265625 0.3957860578125 0.6664488640624999 0.4466737875
0 0.2668955859375 0.078585959375 0.0055906625 0.2091977140625 0.004178503125 0.2843822859375 0.30031825156249997 0.11759980781249998 0.505412175 0.0039505625 0.4780663875 0 0.2668955859375 0.078585959375
0 0.3960287953125 0.2397304046875 0.29576067968749997 0.24651539687500001 0.289683796875 0.26687050156250003 0.338461503125 0.28862047031250004 0.42337458281250007 0.299099421875 0.46439343749999995 0.2821368453125 0.45831655781249997 0.25160415625 0.3960287953125 0.2397304046875
0 0.3808366546875 0.17357632812499998 0.3504523671875 0.1786650875 0.37264953749999996 0.21233312343750002 0.4218553921875 0.2075014828125 0.44008603281249997 0.19053890625 0.418817009375 0.1786650875 0.3808366546875 0.17357632812499998
0 0.576815315625 0.2482116921875 0.519085128125 0.2685667328125 0.5160467453125 0.2889218375 0.55554629375 0.3109731734375 0.626949315625 0.290618134375 0.6451799578124999 0.2685667328125 0.61935324375 0.25669298125 0.576815315625 0.2482116921875
0 0.59352665 0.136258646875 0.56466155625 0.1939314328125 0.5874497671875 0.23803410781249998 0.6254301265625 0.22616029218749997 0.6391030765625 0.13286615156249998 0.60568029375 0.12268859843749999 0.59352665 0.136258646875
0 0.923196096875 0.24990792343749998 0.8669852140625001 0.2431228671875 0.81988948125 0.25330045156250003 0.7895051953125 0.27365555625 0.81988948125 0.3262395171875 0.9034462640625 0.3262395171875 0.9550996890624999 0.3075807109375 0.9581380718749999 0.2821368453125 0.923196096875 0.24990792343749998
0 0.7910245015624999 0.22785658749999999 0.7943019609374999 0.2441195171875 0.8639468328125 0.244819165625 0.8745812859375001 0.2227678265625 0.8396393109375 0.22107153125 0.7910245015624999 0.22785658749999999
0 0.80390625 0.196875 0.08046875 0.0203125
0 0.78359375 0.17265625 0.0625 0.01484375
0 0.76171875 0.15390625 0.05234375 0.01875
0 0.71953125 0.08203125 0.0703125 0.03671875
0 0.90703125 0.46171875 0.13828125 0.04140625