0 0.1109375 0.7796875 0.209375 0.1515625
0 0.57578125 0.7015625 0.33125 0.1078125
0 0.48203125 0.94609375 0.30078125 0.1078125
0 0.68828125 0.834375 0.1546875 0.10234375
0 0.36796875 0.57578125 0.5359375 0.1296875
0 0.259375 0.47890625 0.14453125 0.04375
0 0.3421875 0.40546875 0.309375 0.10859375
0 0.5140625 0.26640625 0.3140625 0.03359375
0 0.5015625 0.20546875 0.35625 0.08125
0 0.48203125 0.1265625 0.37578125 0.05234375
0 0.478125 0.0765625 0.3125 0.03125
0 0.43671875 0.04375 0.12265625 0.0234375
0 0.45703125 0.02109375 0.06796875 0.02109375