0 0.3879309703125 0.9172945468749999 0.384459315625 1 0.60838018125 0.98369110625 0.60751235 0.8092072015625 0.5094384390625 0.7350902359375 0.4374018421875 0.770604578125 0.3879309703125 0.9172945468749999
0 0.20827345937500003 0.5775914625 0.218688425 0.662517234375 0.2924608171875 0.6671495359375 0.29210067500000003 0.6697530890625 0.3540824484375 0.50193035625 0.33498844375000003 0.435533796875 0.2438578421875 0.4556072078125 0.20827345937500003 0.5775914625
0 0.6639265328125 0.6980316359375001 0.6509078749999999 0.574503240625 0.5814749703125 0.5992089546875 0.57638886875 0.6948302484375 0.5762675203125001 0.7443548421874999 0.613587696875 0.773692859375 0.6639265328125 0.6980316359375001
0 0.6838885 0.9574412515624999 0.680416778125 0.9991321546874999 0.7524533765625 0.9991321546874999 0.7429063078125 0.9389120406250001 0.69256760625 0.9342796765625 0.6838885 0.9574412515624999
0 0.5988331796875 0.3938430125 0.60838018125 0.3552403890625 0.6187952140624999 0.335166978125 0.6257383921875 0.299652575 0.62747431875 0.2656822546875 0.62834215 0.23016785468749998 0.60577655625 0.19156523125 0.5649847234375 0.1730359890625 0.538947409375 0.1869329265625 0.5502302046875001 0.20546216875 0.580607071875 0.23634429687499997 0.5632488625 0.295020271875 0.5337398921875 0.3475198625 0.5181175437500001 0.3459757234375 0.4764578140625 0.32281415 0.4521563609375 0.37994604375 0.467778709375 0.5096508796875 0.449552603125 0.5868561265625 0.46083546406250003 0.6517084875 0.513777990625 0.6764142015625 0.531901021875 0.6736111124999999 0.5641167593749999 0.5343565359375 0.589286178125 0.47876878281249996 0.60577655625 0.43707793749999996 0.5988331796875 0.3938430125
0 0.5580414125 0.23480015625 0.5363436515625 0.22244732968749997 0.4721182609375 0.22244732968749997 0.449552603125 0.268770478125 0.4486847046875 0.2981084953125 0.4657117859375 0.314814815625 0.5146458890625001 0.325902371875 0.5424189984375001 0.2981084953125 0.557173515625 0.26259409218749996 0.5580414125 0.23480015625
0 0.382723521875 0.23480015625 0.3653653109375 0.2641381734375 0.3766481078125 0.28266744374999997 0.407024975 0.2872997484375 0.4374018421875 0.26259409218749996 0.4374018421875 0.228623771875 0.416571978125 0.22399146874999998 0.382723521875 0.23480015625
0 0.20914142343750003 0.335166978125 0.228235428125 0.3212700671875 0.32370558125 0.1900211203125 0.2959324734375 0.17766835 0.1935190078125 0.2641381734375 0.20914142343750003 0.335166978125
0 0.5484944109375001 0.1467862515625 0.5050988875 0.1591390203125 0.4816652640625 0.174580071875 0.4521563609375 0.16994782656250002 0.43132649531249995 0.19156523125 0.43132649531249995 0.2039180875 0.4400056 0.21935910781249998 0.4755899171875 0.21318269375 0.5050988875 0.2039180875 0.524192890625 0.1931094015625 0.565852621875 0.16377135468749998 0.5484944109375001 0.1467862515625
0 0.5267966484375 0.139065728125 0.5328719953125 0.143697971875 0.5484944109375001 0.1375215578125 0.5649847234375 0.12516873125 0.557173515625 0.112815903125 0.5276645453125 0.1159041546875 0.5267966484375 0.139065728125
0 1 0.318181846875 0.9581481343749999 0.25024120625 0.6049085921875 0.05259578593749999 0.644832528125 0.0973748546875 0.9930555359375 0.44984568124999996 1 0.4231809703125 1 0.318181846875