0 0.46119672031250003 0.8174531296875 0.331694496875 0.8544222765624999 0.274561190625 0.9138945734374999 0.2764656046875 0.9524710546874999 0.32788566874999997 0.9781888703125 0.4288210921875 0.9862256578125 0.4992855921875 0.9830108687499999 0.543333290625 0.9702811265625 0.6725899281250001 0.926753359375 0.6744943421875 0.8560296078125 0.605934403125 0.82870458125 0.46119672031250003 0.8174531296875
0 0.29921875 0.62578125 0.24453125 0.07109375
0 0.63671875 0.56875 0.24375 0.06015625
0 0.2921875 0.503125 0.1171875 0.03046875
0 0.090625 0.509375 0.14296875 0.046875
0 0.2625 0.365625 0.11953125 0.0359375
0 0.51796875 0.459375 0.2296875 0.03125
0 0.71328125 0.47421875 0.13984375 0.05234375
0 0.93828125 0.43046875 0.1046875 0.0375
0 0.54453125 0.39296875 0.14140625 0.0421875
0 0.5 0.3578125 0.1046875 0.0125
0 0.571875 0.30546875 0.0671875 0.02734375
0 0.71484375 0.36171875 0.1625 0.07578125
0 0.8484375 0.328125 0.05234375 0.02421875