0 0.30072759375 0.9994561687499999 0.42181848125 1 0.3907125359375 0.956097728125 0.32516791875 0.956097728125 0.30072759375 0.9944532171875 0.30072759375 0.9994561687499999
0 0.2629561125 0.700949778125 0.2218519046875 0.680938165625 0.1874131484375 0.67760295 0.131866878125 0.719293784375 0.0885408546875 0.7626522875 0.1229795265625 0.8226870625 0.17963670468749998 0.84436621875 0.20444441875 0.8337500015625 0.25517966875 0.7926696109375 0.2718435484375 0.764319896875 0.2740653671875 0.729299684375 0.2629561125 0.700949778125
0 0.00633235625 0.680938165625 0 0.6926116125 0.0030555296875 0.748333334375 0.041881935937499996 0.7126233531249999 0.0452147453125 0.690944003125 0.0329945828125 0.6792706843749999 0.00633235625 0.680938165625
0 0.0107760734375 0.6425826125 0.0007777296875 0.6659295046875 0.0107760734375 0.6726 0.056324 0.6792706843749999 0.0807643265625 0.6609266171875 0.086318953125 0.630909165625 0.06076771875 0.625906278125 0.0107760734375 0.6425826125
0 0.818418909375 0.8693807187499999 0.742875946875 0.836028053125 0.650669103125 0.836028053125 0.602899275 0.8660455031250001 0.61623043125 0.927747884375 0.7151028109374999 0.992785609375 0.9250676484374999 1 0.9072929437499999 0.9711064531250001 0.818418909375 0.8693807187499999
0 0.5040268953125 0.779328621875 0.5118034234375 0.8176841109374999 0.544020278125 0.8376957875000001 0.57401523125 0.8410310031250001 0.658445546875 0.7960049546875 0.620674065625 0.7709904546875 0.5684606046875 0.760984553125 0.5040268953125 0.779328621875
0 0.5451311859375 0.6425826125 0.49847226874999995 0.6659295046875 0.4718101265625 0.6942792843750001 0.480697478125 0.7176261125 0.5251344953125 0.724296671875 0.62845059375 0.6792706843749999 0.6317834046875 0.662594353125 0.5962337390625 0.6425826125 0.5451311859375 0.6425826125
0 0.5262454046875 0.574209671875 0.4662554984375 0.5825478390625001 0.4207074890625 0.6008917796875 0.41515286093750003 0.630909165625 0.426262115625 0.6409150046875001 0.46070087187500003 0.637579853125 0.564016884375 0.637579853125 0.6006774578125 0.614232834375 0.5917900203124999 0.594221284375 0.5262454046875 0.574209671875
0 0.1174248984375 0.5775449515625 0.128534153125 0.584215446875 0.166305634375 0.572542 0.1596400140625 0.5575333390625 0.119646715625 0.5625362265625 0.1174248984375 0.5775449515625
0 0.22074091093749998 0.5975564999999999 0.2607342953125 0.5958890203125 0.25073594843749997 0.572542 0.21851909531249997 0.5775449515625 0.22074091093749998 0.5975564999999999
0 0.8861852578124999 0.779328621875 0.9372878953124999 0.7843314453125 0.9717264828125 0.7726580625 0.952840784375 0.750978778125 0.867299559375 0.72096151875 0.8406374171875 0.750978778125 0.8861852578124999 0.779328621875
0 0.9583954109375 0.6675971125 0.9328440921875 0.680938165625 0.9724999734375 0.7212500015625001 0.9895013562500001 0.69594701875 0.9850577234375001 0.674267671875 0.9583954109375 0.6675971125
0 0.7628726390625 0.704285184375 0.8006440343750001 0.710955615625 0.8195297328125 0.7092879453125 0.8428592343749999 0.6942792843750001 0.8128642828125001 0.6675971125 0.758428834375 0.6642618328125 0.7628726390625 0.704285184375
0 1 0.564203834375 0.977281109375 0.5625362265625 0.9550626015624999 0.569206784375 0.94728615625 0.572542 0.9350660796874999 0.5675391125 0.9172912046875 0.5425246140625 0.9039601328125 0.519177784375 0.893961703125 0.5208453921875 0.87396518125 0.5241806718750001 0.8606339406249999 0.5158425046875 0.8395264234375001 0.5075043390625 0.81397510625 0.5075043390625 0.7995330421875 0.509171946875 0.7862019703125 0.49916617187499995 0.7739818921875 0.47415167187499996 0.717324628125 0.47415167187499996 0.7028825640624999 0.49916617187499995 0.6962171125000001 0.5341864468749999 0.6884404984375 0.5792126859375 0.6973279359375 0.6242386718749999 0.7073263671875 0.64591801875 0.7739818921875 0.6475855 0.9328440921875 0.655923665625 1 0.680938165625 1 0.564203834375
0 0.5717934140625001 0.5458598921875 0.602899275 0.564203834375 0.6395598484375 0.5675391125 0.6362270375 0.5858831171875 0.6228959671875 0.5958890203125 0.6262286921875 0.619235784375 0.641781665625 0.6392473328125 0.6562237296875 0.6359121171875 0.64622546875 0.5308511671875 0.6217850578124999 0.514174834375 0.5840135765625 0.5291835593750001 0.5717934140625001 0.5458598921875