0 0 0.36404722343749996 0.026873759375 0.36404722343749996 0.062765196875 0.35018235 0.0884019375 0.3178310578125 0.118140571875 0.2685338015625 0 0.294722975 0 0.36404722343749996
0 0.2432479125 0.28239861718750003 0.22786586875 0.2700743171875 0.1519811 0.2993445796875 0.1960762484375 0.32245266093749997 0.228891321875 0.3209120875 0.2432479125 0.28239861718750003
0 0.6236971265625 0.128344759375 0.6575376562499999 0.1098583390625 0.572423646875 0.1268042140625 0.37553343125 0.177641984375 0.3222090421875 0.20075006874999998 0.316923053125 0.223633565625 0.390915475 0.23156084531249999 0.485258728125 0.2207770625 0.540634103125 0.174560925 0.6236971265625 0.128344759375
0 0.46372388124999997 0.356344528125 0.4719275921875 0.3378580515625 0.46782569843750005 0.3147499671875 0.44013805 0.3193715734375 0.4042466125 0.3286147828125 0.4124504 0.356344528125 0.438087140625 0.359425559375 0.46372388124999997 0.356344528125
0 0.316056240625 0.485749759375 0.314005253125 0.46726328125 0.2842666984375 0.453398465625 0.24734972812499997 0.488830846875 0.26991010625 0.518101109375 0.2996487421875 0.510398415625 0.316056240625 0.485749759375
0 0.5201247109375 0.4657227640625 0.5201247109375 0.45031737656250004 0.49961531875 0.4487768609375 0.46269835 0.43029038281250004 0.46167289531250005 0.47034436875 0.4944879703125 0.47958763906249996 0.5201247109375 0.4657227640625
0 0.631900915625 0.485749759375 0.5796019015625 0.5165605359375001 0.5816528890625 0.62439825625 0.7180403 0.7291549453124999 0.7959760546875 0.9741006484374999 0.8872427890625 1 0.8831409734375001 0.9694789859374999 0.867758928125 0.7892359843750001 0.8072561265625 0.5242632296874999 0.72521855625 0.180723075 0.7190658328125 0.1899663140625 0.7118875765625 0.21307439687500002 0.7139384859375 0.24388514374999998 0.7077856046875 0.30242566875 0.712912953125 0.340939140625 0.7293205296874999 0.4133444203125 0.7079486953125 0.5084680546875 0.7036837890625 0.5150200203125 0.6893271203125 0.502695721875 0.631900915625 0.485749759375
0 0.631900915625 0.453398465625 0.64420651875 0.43337147187499997 0.6288244749999999 0.41180390468750006 0.5713981921875 0.42566877812500004 0.5785764484375 0.47496597500000004 0.6083150828125 0.4780470640625 0.631900915625 0.453398465625
0 0.570372659375 0.38253364375 0.5796019015625 0.3732904328125 0.5796019015625 0.359425559375 0.5560161484374999 0.340939140625 0.518073725 0.3471012609375 0.525252059375 0.3809931265625 0.54473591875 0.38715530625 0.570372659375 0.38253364375
0 0.599085840625 0.3193715734375 0.5960094 0.2993445796875 0.5601179625 0.3055067 0.5734491 0.3363174765625 0.591907584375 0.3347769625 0.599085840625 0.3193715734375
0 0.68009795625 0.368668828125 0.6975309078125 0.356344528125 0.70163288125 0.340939140625 0.6883017453125 0.2993445796875 0.6370282625 0.31012836250000003 0.617544325 0.35788504374999996 0.6503593999999999 0.368668828125 0.68009795625 0.368668828125
0 0.699581815625 0.1206420640625 0.677021515625 0.169939290625 0.63600273125 0.2300203296875 0.6247226593749999 0.25775001875000003 0.6349773546875 0.27315540625 0.7036837890625 0.26083110781249996 0.720091209375 0.11293937031250001 0.717014925 0.0944529515625 0.699581815625 0.1206420640625