0 0.706268359375 0.9781897484375 0.8020449624999999 0.8938450609374999 0.7953938218750001 0.788414140625 0.710259084375 0.7154235640625 0.57723625 0.7608398249999999 0.534175921875 0.8170212781249999 0.5240271171875001 0.892222946875 0.5825571843749999 0.9425054859375 0.706268359375 0.9781897484375
0 0.796723928125 0.51915975 0.756817078125 0.44454706093749996 0.5985198828125 0.43968103125 0.5491434921875 0.5029381984375 0.6158128921875 0.540245921875 0.684984828125 0.5418679125 0.796723928125 0.51915975
0 0.1302795453125 0.8192323109374999 0.194130546875 0.7089353593750001 0.075740203125 0.6975813093750001 0.0132194109375 0.78030406875 0.0039078515625 0.770571884375 0.039823978125 0.8678927359375 0.1302795453125 0.8192323109374999
0 0.44953434999999997 0.389398615625 0.39233449062500003 0.40399670624999995 0.3750415828125 0.42670493125000003 0.40279391562500005 0.4380952390625 0.4827900578125 0.4315709609375 0.49875275781250006 0.413728828125 0.4907714078125 0.394264646875 0.44953434999999997 0.389398615625
0 0.41494843281250005 0.198000925 0.3723810640625 0.20124493437500002 0.3138510984375 0.2401733 0.1728468125 0.30667585625 0 0.425082878125 0.009228785937500001 0.540245921875 0.1967909625 0.3926425953125 0.388343865625 0.24828337031249997 0.42292978281250004 0.2142210359375 0.41494843281250005 0.198000925
0 0.36040909062500004 0.373178475 0.33114400625 0.358580321875 0.29655808906250003 0.3715564234375 0.3178417234375 0.394264646875 0.35242763906249996 0.3926425953125 0.36040909062500004 0.373178475
0 0.494762134375 0.376422453125 0.4907714078125 0.352092240625 0.42425999062499997 0.3504702515625 0.39233449062500003 0.3666903921875 0.42159957343750004 0.3877765640625 0.45352507500000006 0.3877765640625 0.494762134375 0.376422453125
0 0.42825071562500006 0.3196519578125 0.3750415828125 0.309919896875 0.342923634375 0.33880445937500003 0.3936648 0.3537142921875 0.4269205078125 0.3407381921875 0.42825071562500006 0.3196519578125
0 0.6956266953125 0.3537142921875 0.6942963859375 0.327762028125 0.5838873921875 0.339116140625 0.5506316828125 0.3715564234375 0.5532922015625 0.376422453125 0.62512445 0.38128854687499997 0.6956266953125 0.3537142921875
0 0.831309946875 0.4169728078125 0.852593478125 0.3958866359375 0.8007146531249999 0.3569583328125 0.6996172171875 0.3650684046875 0.6655579281249999 0.39554204843749996 0.7195706421875 0.4202168484375 0.7674589453125 0.4234608890625 0.831309946875 0.4169728078125
0 0.5732456265625 0.3196519578125 0.5506316828125 0.2969437953125 0.514715559375 0.316407978125 0.5009146546875 0.32867274687500003 0.51338535 0.3423601796875 0.5519618921875 0.3358721 0.5732456265625 0.3196519578125
0 0.45751569999999997 0.2515274109375 0.42607680312499996 0.2739615 0.4601762171875 0.2985657859375 0.49742255 0.2839676953125 0.45751569999999997 0.2515274109375
0 0.6756732703125 0.3196519578125 0.6623709859375 0.2969437953125 0.6211338265624999 0.3001878375 0.614482684375 0.3180299671875 0.6384267343750001 0.3261400390625 0.6756732703125 0.3196519578125
0 0.852593478125 0.3228959984375 0.81933776875 0.2969437953125 0.74351479375 0.2985657859375 0.7129195015625001 0.3180299671875 0.7209009515625 0.334250109375 0.7820915375 0.3358721 0.852593478125 0.3228959984375
0 0.7421846875 0.290455715625 0.7342032359374999 0.27099153125000003 0.680994103125 0.27099153125000003 0.643938103125 0.2840932125 0.6783336859375 0.2969437953125 0.7155801203125 0.2985657859375 0.7421846875 0.290455715625
0 0.706268359375 0.267747553125 0.6889755531249999 0.2417952890625 0.650398809375 0.2417952890625 0.6038408171875 0.24666131875000002 0.607350709375 0.2678824734375 0.6065013359375 0.2726135828125 0.650398809375 0.2742355734375 0.706268359375 0.267747553125
0 0.49875275781250006 0.2174650765625 0.4827900578125 0.24503933125000002 0.5226969078125 0.2515274109375 0.541320125 0.24503933125000002 0.525357325 0.22557514687500002 0.49875275781250006 0.2174650765625
0 0.6410872515625 0.2142210359375 0.5957092671875001 0.2172239125 0.61980361875 0.2385512484375 0.655719946875 0.22557514687500002 0.6410872515625 0.2142210359375
0 0.8259889109375 0.2174650765625 0.812686628125 0.20448897656249998 0.7554869703125 0.20448897656249998 0.700947528125 0.2028670171875 0.6836545187499999 0.2142210359375 0.6996172171875 0.2304411765625 0.7381939609375 0.2304411765625 0.8259889109375 0.2174650765625
0 0.61328125 0.19921875 0.06171875 0.0171875
0 0.7222312625 0.1444744390625 0.6996172171875 0.163938621875 0.6969568015625 0.1931348640625 0.7254282078125 0.18682877656250002 0.7368636515625 0.1736707125 0.760807803125 0.16231666250000001 0.7528263515625 0.1509624890625 0.7222312625 0.1444744390625
0 0.700947528125 0.1250102875 0.68764524375 0.11527819531250001 0.6517290171875 0.1282542984375 0.610491959375 0.17204869218750002 0.6530593265625 0.163938621875 0.66769181875 0.15582855 0.700947528125 0.1412304296875 0.700947528125 0.1250102875