0 0.2484375 0.80625 0.21015625 0.15234375
0 0.209375 0.63125 0.23125 0.1734375
0 0.48046875 0.66015625 0.24296875 0.17578125
0 0.446875 0.4640625 0.14765625 0.16484375
0 0.190625 0.4140625 0.2296875 0.1265625
0 0.05390625 0.36328125 0.1078125 0.0734375
0 0.07421875 0.3234375 0.0890625 0.03046875
0 0.01015625 0.3078125 0.01953125 0.021875
0 0.096875 0.1640625 0.06171875 0.02734375
0 0.19453125 0.13515625 0.05625 0.040625
0 0.27890625 0.11796875 0.03984375 0.0375
0 0.33671875 0.1015625 0.0296875 0.0328125
0 0.409375 0.084375 0.03828125 0.02265625
0 0.46171875 0.13046875 0.06640625 0.03515625
0 0.49921875 0.065625 0.078125 0.03984375
0 0.559375 0.01953125 0.0453125 0.025
0 0.321875 0.3328125 0.16484375 0.0765625
0 0.27109375 0.26875 0.1328125 0.04296875
0 0.1703125 0.24375 0.0546875 0.0359375
0 0.275 0.221875 0.0484375 0.0234375
0 0.30703125 0.18984375 0.05703125 0.0390625
0 0.325 0.19296875 0.06484375 0.025
0 0.4484375 0.2828125 0.12890625 0.0859375
0 0.6578125 0.40546875 0.2140625 0.21328125
0 0.38828125 0.228125 0.08046875 0.0921875
0 0.434375 0.16875 0.06015625 0.028125
0 0.5125 0.22109375 0.16796875 0.0796875
0 0.76484375 0.28515625 0.11796875 0.07109375
0 0.85703125 0.24765625 0.15234375 0.059375
0 0.70234375 0.2328125 0.10234375 0.0578125
0 0.6765625 0.20078125 0.09609375 0.04921875
0 0.64453125 0.1640625 0.078125 0.03828125
0 0.54765625 0.1390625 0.078125 0.03125
0 0.53203125 0.10625 0.06640625 0.0265625
0 0.59609375 0.08359375 0.0453125 0.02421875
0 0.653125 0.1171875 0.10859375 0.04296875
0 0.63671875 0.0703125 0.0375 0.02578125
0 0.625 0.03359375 0.06015625 0.0234375
0 0.696875 0.0859375 0.046875 0.01328125
0 0.73359375 0.0671875 0.0734375 0.0265625
0 0.7109375 0.015625 0.06015625 0.02734375
0 0.80703125 0.17421875 0.14140625 0.05859375
0 0.96953125 0.20234375 0.06015625 0.04765625
0 0.9390625 0.14765625 0.1109375 0.0328125
0 0.85 0.1328125 0.0828125 0.03984375
0 0.8875 0.1109375 0.0921875 0.0328125
0 0.76796875 0.11640625 0.0859375 0.034375
0 0.871875 0.03359375 0.05546875 0.0234375
0 0.87265625 0.01640625 0.0609375 0.0234375
0 0.92890625 0.06171875 0.065625 0.03125
0 0.96015625 0.02578125 0.0796875 0.03203125
0 0.796875 0.0484375 0.059375 0.015625
0 0.7390625 0.03671875 0.0328125 0.0109375
0 0.7671875 0.00859375 0.0328125 0.01640625
0 0.7921875 0.01875 0.0453125 0.0171875
0 0.721875 0.040625 0.03515625 0.009375
0 0.05546875 0.93203125 0.10859375 0.1359375
0 0.4390625 0.9484375 0.203125 0.10078125
0 0.915625 0.4578125 0.1140625 0.0640625
0 0.96796875 0.4140625 0.05859375 0.0578125