0 0.25625 0.8453125 0.06640625 0.1375
0 0.31171875 0.93359375 0.06484375 0.1109375
0 0.353125 0.7796875 0.06171875 0.07265625
0 0.50234375 0.80703125 0.10859375 0.1421875
0 0.66875 0.90546875 0.11484375 0.18828125
0 0.790625 0.97421875 0.071875 0.05078125
0 0.94765625 0.8859375 0.09609375 0.19921875
0 0.67421875 0.71484375 0.07265625 0.09375
0 0.77578125 0.75625 0.078125 0.09453125
0 0.734375 0.6671875 0.071875 0.059375
0 0.8296875 0.68125 0.09453125 0.0859375
0 0.76953125 0.5984375 0.053125 0.0578125
0 0.9012672078125 0.452159975 0.6765165375 0.322003203125 0.5821006578125 0.2460784703125 0.574916796875 0.26622176406250003 0.61904596875 0.3204537421875 0.64675493125 0.35299290625 0.6744638953125001 0.3591908703125 0.744249540625 0.39637847656249997 0.8786895390625 0.47230326875 0.9977354953124999 0.5683713546875 1 0.538931115625 0.9792629578125001 0.5032929703125 0.9012672078125 0.452159975
0 0.81875 0.49765625 0.040625 0.03359375
0 0.90625 0.565625 0.05390625 0.034375
0 0.953125 0.65234375 0.03984375 0.04609375
0 0.80625 0.453125 0.05 0.0296875
0 0.17672833125 0.46765482656249996 0.1798070625 0.43976410625 0.15928188125 0.4366651234375 0.054603489062499996 0.4924465640625 0.0474196296875 0.521886803125 0.024841960937499998 0.5404806359375 0.021763153125 0.5637229125000001 0 0.59626219375 0.0032905359374999998 0.638098184375 0.0320257421875 0.59161363125 0.1408092640625 0.5280847078125 0.1736495234375 0.48934758125 0.17672833125 0.46765482656249996
0 0.43329309531250004 0.26467224375 0.336824728125 0.3545424265625 0.2629340296875 0.43201668125000003 0.23727755312499998 0.45680841875 0.2341988234375 0.49709500625 0.2598553 0.47540225156249993 0.45176571093750006 0.2615733203125 0.43329309531250004 0.26467224375
0 0.43124052968750004 0.252276375 0.297826853125 0.3328496109375 0.2660128390625 0.36074033125 0.257802734375 0.38398260781250004 0.2649865953125 0.394829015625 0.2947481234375 0.3824331453125 0.41584664374999997 0.281716615625 0.458949571875 0.24297948749999998 0.43124052968750004 0.252276375
0 0.4425293640625 0.3173547609375 0.44047687812499997 0.339047575 0.447660659375 0.3421464984375 0.447660659375 0.3731362 0.47023840625 0.3715867390625 0.485632290625 0.24297948749999998 0.458949571875 0.25692481875 0.4425293640625 0.3173547609375
0 0.4815272390625 0.3793341640625 0.505131228125 0.37623518125 0.49589488125000003 0.252276375 0.48665853437499995 0.2600238 0.4815272390625 0.3793341640625
0 0.5194987921875 0.3715867390625 0.535919 0.3591908703125 0.506157471875 0.2615733203125 0.506157471875 0.2755186515625 0.5194987921875 0.3715867390625
0 0.49296875 0.434375 0.034375 0.0203125
0 0.49921875 0.396875 0.03046875 0.0421875
0 0.5546875 0.475 0.040625 0.028125
0 0.54765625 0.40390625 0.03359375 0.01640625
0 0.5296875 0.38671875 0.0125 0.0171875
0 0.546181590625 0.36074033125 0.547207834375 0.3638393125 0.5615754765625 0.36074033125 0.5451552687500001 0.3297506296875 0.5307877046875 0.33130015 0.546181590625 0.36074033125
0 0.55859375 0.44609375 0.0265625 0.02421875
0 0.5578125 0.3796875 0.01953125 0.01875
0 0.56568045 0.33130015 0.5646542078125 0.3483444625 0.5724916359375001 0.3662408078125 0.595441978125 0.37623518125 0.6026258390625 0.365388775 0.574916796875 0.3251021859375 0.56568045 0.33130015
0 0.19609375 0.51015625 0.05234375 0.02890625
0 0.22109375 0.615625 0.06171875 0.0453125
0 0.2328125 0.52578125 0.0453125 0.0296875
0 0.2109375 0.45859375 0.02109375 0.03046875
0 0.25078125 0.41484375 0.03125 0.03125
0 0.103125 0.5984375 0.0875 0.06640625
0 0.078125 0.71484375 0.05546875 0.06640625
0 0.2796875 0.615625 0.04296875 0.0453125
0 0.3484375 0.65625 0.06953125 0.07265625
0 0.32265625 0.525 0.03125 0.04296875
0 0.32265625 0.46171875 0.0296875 0.0171875
0 0.30234375 0.43515625 0.0171875 0.009375
0 0.3671875 0.54140625 0.03828125 0.02890625
0 0.36328125 0.46796875 0.02734375 0.0140625
0 0.34765625 0.425 0.0171875 0.0171875
0 0.39140625 0.51171875 0.04296875 0.0359375
0 0.3703125 0.43984375 0.01875 0.01875
0 0.3828125 0.4140625 0.02421875 0.0140625
0 0.333846525 0.4010840125 0.3532448578125 0.405675421875 0.378901334375 0.3560918875 0.3676125 0.36074033125 0.333846525 0.4010840125
0 0.403125 0.4375 0.01875 0.01953125
0 0.38813768125000003 0.3886310515625 0.4025053234375 0.39792799687499997 0.41995169531250004 0.35144344375 0.406610296875 0.3545424265625 0.38813768125000003 0.3886310515625
0 0.665625 0.578125 0.0765625 0.0453125
0 0.6984375 0.52265625 0.05078125 0.03359375
0 0.60859375 0.6390625 0.05625 0.05703125
0 0.51171875 0.5984375 0.06328125 0.06640625
0 0.56328125 0.5546875 0.0421875 0.02890625
0 0.484375 0.54296875 0.0453125 0.0359375
0 0.40390625 0.56328125 0.0375 0.0453125
0 0.421875 0.47890625 0.040625 0.0359375
0 0.4953125 0.4859375 0.034375 0.06171875
0 0.44609375 0.42734375 0.03984375 0.02890625
0 0.4234375 0.4015625 0.021875 0.01171875
0 0.45390625 0.3921875 0.01953125 0.02421875
0 0.43515625 0.359375 0.0078125 0.0125
0 0.45390625 0.375 0.01640625 0.0140625
0 0.60234375 0.509375 0.0390625 0.02734375
0 0.63515625 0.4671875 0.02734375 0.028125
0 0.66875 0.475 0.015625 0.0234375
0 0.59296875 0.4546875 0.01328125 0.0140625
0 0.61015625 0.45 0.021875 0.0234375
0 0.65234375 0.4390625 0.05078125 0.0484375
0 0.58671875 0.4296875 0.01796875 0.0140625
0 0.59375 0.39765625 0.021875 0.01640625
0 0.62421875 0.40625 0.03359375 0.01796875
0 0.60859375 0.384375 0.02578125 0.0171875