0 0.8314444515625 1 0.7647889250000001 0.9313985406249999 0.7247956109375 0.9466020921875 0.670333303125 1 0.8314444515625 1
0 0.39151788125000003 0.963706053125 0.34485901406249997 0.9865112375 0.3436666359375 0.990503325 0.5154971984375 1 0.5061654671875 0.9561042765625001 0.4381767484375 0.9618056453125 0.39151788125000003 0.963706053125
0 0.3595233109375 0.8002685140624999 0.320863084375 0.8230736984375 0.2995333375 0.8819872109375 0.310333303125 0.957264959375 0.372854415625 0.918095540625 0.43017810624999997 0.8591820265625 0.42484564375 0.8192728828125 0.3595233109375 0.8002685140624999
0 0.4821694359375 0.6425322 0.42751192656250003 0.6748396390625 0.4221794640625 0.7071470078125001 0.4861688078125 0.7755627781250001 0.588818278125 0.756558409375 0.6328109656249999 0.7071470078125001 0.5608229765625 0.6767401921875 0.4821694359375 0.6425322
0 0.4621727796875 0.58551909375 0.4501747640625 0.5589129500000001 0.406182178125 0.553211653125 0.362189490625 0.5570125406249999 0.238210171875 0.572216021875 0.171554646875 0.610224903125 0.1662222859375 0.648233640625 0.21021487187500001 0.6710387515625 0.254207559375 0.6843418234375 0.262206203125 0.6767401921875 0.25699996875000003 0.6818613499999999 0.33019481875 0.636830903125 0.3821861484375 0.5836186140625 0.42351255312499997 0.612125165625 0.4621727796875 0.58551909375
0 0.0235794 0.488596771875 0.079570103125 0.5057007328124999 0.112897865625 0.46959240312499995 0.079570103125 0.4505880359375 0.03691050625 0.46009021875 0.0235794 0.488596771875
0 0.1582235421875 0.49809895624999995 0.15289118125 0.5285059890625 0.1608898234375 0.5247051015624999 0.1586666359375 0.5275403625 0.21021487187500001 0.52280469375 0.21954670625 0.48289547656250004 0.192884496875 0.4771941796875 0.1582235421875 0.49809895624999995
0 0.44750858281249994 0.452488515625 0.37018813281249996 0.4258823703125 0.31153125 0.4239819625 0.282202859375 0.433484146875 0.2248790671875 0.43538455468750004 0.21288115468750002 0.4581898125 0.2235459765625 0.46579158906250007 0.29686705625 0.452488515625 0.3035326078125 0.452488515625 0.38885170156250004 0.48479595625 0.4155139109375 0.4904972515625 0.45150785468750004 0.4790945875 0.44750858281249994 0.452488515625
0 0.254207559375 0.4923976609375 0.24620891718750001 0.517103325 0.2688717546875 0.5266055078125 0.290201503125 0.5209042125 0.30004255 0.5021988171875 0.254207559375 0.4923976609375
0 0.2742042171875 0.406878003125 0.25820682968750003 0.3897741140625 0.21954670625 0.3935749296875 0.21821351562500002 0.42968325937499996 0.251541278125 0.420181075 0.2742042171875 0.406878003125
0 0.32486235625000004 0.4030771140625 0.285333303125 0.396961065625 0.2982001453125 0.4239819625 0.323529265625 0.41447977968750005 0.32486235625000004 0.4030771140625
0 0.65680689375 0.4999994359375 0.6928008359375 0.530406396875 0.7874517640625001 0.532306878125 0.8061152296874999 0.5076011406250001 0.7541240015625 0.475293771875 0.70699996875 0.4800569828125 0.7034657609375 0.456289403125 0.6754705624999999 0.4638911078125 0.65680689375 0.4999994359375
0 0.6703125 0.3890625 0.04296875 0.02734375
0 0.687468475 0.4030771140625 0.6901346562499999 0.3859732265625 0.650333303125 0.37559354375 0.652807621875 0.41257929843749996 0.6648056375 0.41257929843749996 0.687468475 0.4030771140625
0 0.6781367421875 0.4182806671875 0.6781367421875 0.43538455468750004 0.7301279703125 0.4277828515625 0.7261285984375 0.41257929843749996 0.6994663890624999 0.4049775953125 0.6781367421875 0.4182806671875
0 0.82211271875 0.452488515625 0.78699996875 0.43494777031250004 0.77545385 0.4581898125 0.80078286875 0.4771941796875 0.8207795265625 0.475293771875 0.82211271875 0.452488515625
0 0.9927507 0.5608134296875 0.9986666359375 0.501424503125 0.9314277390625 0.4904972515625 0.9300945468749999 0.5266055078125 0.9767534156250001 0.5551120609375 0.9927507 0.5608134296875
0 0.7794530187500001 0.336561825 0.7074651328125 0.349864896875 0.74612525625 0.384072746875 0.796783496875 0.3802719296875 0.7794530187500001 0.336561825
0 0.2022162296875 0.3308605296875 0.24754200625 0.35556619375 0.2982001453125 0.336561825 0.28353595 0.30235397656249996 0.243542634375 0.2890509046875 0.16488909375 0.2852500890625 0.1635560046875 0.290951384375 0.1635560046875 0.3156570484375 0.2022162296875 0.3308605296875
0 0.31153125 0.2472413515625 0.310333303125 0.2545109234375 0.244875725 0.273847425 0.25820682968750003 0.2833496078125 0.3101981609375 0.26244483125 0.31153125 0.2472413515625
0 0.14755871874999998 0.2890509046875 0.18888512500000001 0.287150496875 0.1999103015625 0.26671825781249997 0.1448924375 0.271947015625 0.14755871874999998 0.2890509046875
0 0.3648556703125 0.332761009375 0.33019481875 0.332761009375 0.3315279078125 0.351765378125 0.36352258125 0.349864896875 0.3648556703125 0.332761009375
0 0.65546875 0.3515625 0.03984375 0.01875
0 0.3875 0.26640625 0.07421875 0.0484375
0 0.53203125 0.296875 0.04375 0.05625
0 0.44375 0.31484375 0.0578125 0.03984375
0 0.6046875 0.26953125 0.0421875 0.05
0 0.665625 0.28046875 0.0171875 0.01328125
0 0.43828125 0.20234375 0.128125 0.02890625
0 0.5 0.24921875 0.046875 0.02265625
0 0.53671875 0.2234375 0.04296875 0.01328125
0 0.85234375 0.25390625 0.02734375 0.00859375
0 0.33671875 0.18359375 0.04921875 0.02890625