0 0.4735719921875 0.70709674375 0.39546005 0.7133020328125 0.3704642109375 0.7831098796875 0.388169553125 0.8451613515625 0.63307289375 0.981007753125 0.7516505609374999 0.9646103890625 0.7464430984375 0.8141356156249999 0.6204224328125 0.7629431046875 0.4735719921875 0.70709674375
0 0 0.9646103890625 0.0017758187500000002 1 0.086136703125 0.9894309546875 0.08405375000000001 0.9801232578124999 0.116340003125 0.8203406687499999 0.2027839203125 0.7427763281249999 0.2329871421875 0.6326349890625 0.2506925640625 0.5829937984375 0.204866875 0.5054294578125 0.1507092921875 0.48371147812500004 0.027813134375 0.553519384375 0.0049003296875 0.6683145734375 0 0.7691482749999999 0 0.9646103890625
0 0.3433854203125 0.65900699375 0.3704642109375 0.6729684812500001 0.41524834374999997 0.6326349890625 0.3860866 0.5891990890625001 0.3444268953125 0.6171221203125 0.3433854203125 0.65900699375
0 0.47877945625 0.520942325 0.4537836171875 0.5504167984375 0.48086240937499997 0.5767886875 0.56626476875 0.56282708125 0.5839701921875 0.544211628125 0.5548083671875 0.5038781953125 0.47877945625 0.520942325
0 0.31214064218750004 0.42166000625000005 0.34791664375 0.434496125 0.3840035671875 0.420108684375 0.36838117812500004 0.40769840156250003 0.329845984375 0.40149328906250004 0.31214064218750004 0.42166000625000005
0 0.335053446875 0.294454475 0.3110990859375 0.303762171875 0.299642684375 0.317723778125 0.29755973125 0.3239289484375 0.45078122499999995 0.3453488390625 0.4798209328125 0.3161725140625 0.42253884062499997 0.299108325 0.349634359375 0.303762171875 0.335053446875 0.294454475
0 0.5506423796875 0.3844290984375 0.59021913125 0.3937368546875 0.6360448203125 0.3921855328125 0.696451421875 0.37977525 0.7464430984375 0.3766726640625 0.730820709375 0.34719825000000004 0.65999918125 0.3239289484375 0.5943851171875 0.322377625 0.5527254125 0.33789049375 0.525646621875 0.32703147499999996 0.5016922609375001 0.344095665625 0.49856775156250005 0.344095665625 0.519397603125 0.3844290984375 0.5506423796875 0.3844290984375
0 0.5881361765625 0.31151860625 0.520439159375 0.2898006265625 0.49440184374999996 0.3068647578125 0.49440184374999996 0.3146211921875 0.5631403390624999 0.319275040625 0.5881361765625 0.31151860625
0 0.5818871578125 0.47750630625 0.608966028125 0.49146791093750003 0.650625653125 0.48371147812500004 0.690202403125 0.50232693125 0.7027002828125 0.544211628125 0.7401940796875001 0.559724496875 0.7516505609374999 0.5504167984375 0.753733515625 0.50232693125 0.7797708296875 0.50232693125 0.8172644671875 0.5116346296875001 0.83496996875 0.497673025 0.777687875 0.43872413750000006 0.69957593125 0.40769840156250003 0.640210728125 0.43251902500000006 0.5964680703125 0.4433779859375 0.582928715625 0.4526857421875 0.5818871578125 0.47750630625
0 0.8745465593749999 0.638840159375 0.8526753093749999 0.5891990890625001 0.80580814375 0.596955521875 0.8245550421875001 0.6264298765625 0.8412188281249999 0.64814785625 0.8745465593749999 0.638840159375
0 0.8151815125 0.8141356156249999 0.8172644671875 0.7893149328125 0.8120570031250001 0.708648065625 0.7703973015625001 0.6496991796875 0.717281275 0.683827440625 0.724571690625 0.7117506515625001 0.7401940796875001 0.7877636703124999 0.8151815125 0.8141356156249999
0 0.6048000421874999 0.6062631015625 0.540624975 0.614728684375 0.6547917187500001 0.6900327296875 0.6985343765625001 0.6791735937500001 0.6048000421874999 0.6062631015625