0 0.62890625 0.87578125 0.121875 0.0828125
0 0.09140625 0.915625 0.16484375 0.13046875
0 0.35234375 0.97421875 0.0734375 0.0515625
0 0.40546875 0.9078125 0.03515625 0.0296875
0 0.471875 0.80078125 0.10390625 0.11328125
0 0.3734375 0.73125 0.07109375 0.1
0 0.32734375 0.70390625 0.04921875 0.03359375
0 0.40625 0.6484375 0.05234375 0.03515625
0 0.6203125 0.665625 0.1015625 0.07734375
0 0.50546875 0.6546875 0.0640625 0.05546875
0 0.70234375 0.62734375 0.0421875 0.034375
0 0.5375 0.58203125 0.059375 0.02734375
0 0.61640625 0.58515625 0.0359375 0.034375
0 0.51171875 0.5515625 0.04921875 0.03046875
0 0.27734375 0.5640625 0.04921875 0.0421875
0 0.38515625 0.52890625 0.06328125 0.04296875
0 0.675 0.4671875 0.0296875 0.025