0 0.6652066453125001 0.8227681515624999 0.6360448203125 0.765899596875 0.582928715625 0.736696778125 0.495443321875 0.7582146515625 0.46524002031249995 0.8104723078125 0.49856775156250005 0.8903957015625 0.5912606078125 0.9226724515625 0.651667209375 0.8673408625000001 0.6652066453125001 0.8227681515624999
0 0.0694728390625 0.7889544359375 0.10182289375 0.8087557609375 0.1642486484375 0.7443817234375001 0.11529852656249999 0.7090309828125 0.066348328125 0.7489927390625 0.0694728390625 0.7889544359375
0 0.6412522828125 0.5276662062499999 0.640210728125 0.5030744015625 0.606882996875 0.4707976515625 0.5277295765625001 0.460038715625 0.4902358578125 0.496926421875 0.48984372499999995 0.5456989265625001 0.4891943828125 0.5491840796874999 0.5641818171875 0.553795034375 0.6412522828125 0.5276662062499999
0 0.62667145 0.3770412734375 0.5808456828125 0.39548515625 0.57563821875 0.42776190625000005 0.640210728125 0.43544685312500003 0.700617328125 0.42622494062499994 0.7193642265625 0.4047070671875 0.6933269125 0.389337175 0.62667145 0.3770412734375
0 0.437119753125 0.4139290375 0.3912940625 0.40931808125 0.3517173125 0.42929893124999996 0.3798376609375 0.4431317984375 0.430870734375 0.430835896875 0.437119753125 0.4139290375
0 0.3892110296875 0.20950951093749998 0.3538003453125 0.2141204078125 0.2527755171875 0.28635894375 0.134045346875 0.3678193609375 0.01635673125 0.46157568125 0 0.48155652812499994 0.002864559375 0.5898617515625 0.165290125 0.43544685312500003 0.3506758359375 0.27098905 0.40170898906249997 0.2248793734375 0.3892110296875 0.20950951093749998
0 0.298466840625 0.4014348140625 0.326721475 0.39855914531250003 0.329845984375 0.38318925312499996 0.304850146875 0.3770412734375 0.29235226718749996 0.4016331359375 0.29443522031249997 0.39855914531250003 0.296518253125 0.40060850468750003 0.296518253125 0.39855914531250003 0.298466840625 0.4014348140625
0 0.326109503125 0.347743178125 0.3256799984375 0.35091244375 0.33817795781250004 0.3693563265625 0.3746301984375 0.36320840468750004 0.407957928125 0.3401535671875 0.35900780781249997 0.3293946296875 0.326109503125 0.347743178125
0 0.49231881250000004 0.3416905328125 0.48815282499999996 0.32785760625 0.455866571875 0.32785760625 0.444270809375 0.33640553125 0.447534678125 0.3416905328125 0.4704474828125 0.35091244375 0.49231881250000004 0.3416905328125
0 0.5839701921875 0.32632063906250003 0.5548083671875 0.315561703125 0.5402274546875 0.32324665 0.5423104875 0.3432274984375 0.569389278125 0.3370795765625 0.5839701921875 0.32632063906250003
0 0.7162397171875 0.3293946296875 0.6558331171875 0.31248771249999996 0.61000750625 0.32785760625 0.6141734921875 0.3478385125 0.6433352375 0.3570604234375 0.6839535437500001 0.344764521875 0.7162397171875 0.3293946296875
0 0.582928715625 0.2909698984375 0.5568914 0.3001918109375 0.5850116671875 0.31863569375 0.6193809546875 0.317098728125 0.6318789140625001 0.30326580000000003 0.61000750625 0.2909698984375 0.582928715625 0.2909698984375
0 0.5683478015625 0.258693090625 0.5464764734374999 0.23717527500000002 0.51731465 0.23717527500000002 0.520439159375 0.2617670796875 0.529812528125 0.272526015625 0.51588539375 0.28456221249999997 0.549600903125 0.2955808546875 0.5881361765625 0.281747928125 0.5839701921875 0.27098905 0.5683478015625 0.258693090625
0 0.417331378125 0.30787675625 0.4287877796875 0.29865484531250003 0.40587497499999997 0.281747928125 0.37786455937499996 0.29032258125 0.3819206125 0.2909698984375 0.3892110296875 0.3109507484375 0.417331378125 0.30787675625
0 0.4329537671875 0.2479342125 0.4214973640625 0.26023011406249996 0.437119753125 0.2663780359375 0.4725304375 0.26484107031250004 0.4766964234375 0.249471178125 0.461074034375 0.24178623125 0.4329537671875 0.2479342125
0 0.6297958015625 0.20336150156250002 0.6433352375 0.186454671875 0.6391693296875001 0.1649367703125 0.6162564453125 0.1618627796875 0.59021913125 0.1879916078125 0.59021913125 0.21873139218749998 0.5798042046874999 0.2356382515625 0.5808456828125 0.25100814374999997 0.606882996875 0.249471178125 0.609337959375 0.250678790625 0.6547917187500001 0.2463971875 0.7037418375 0.23410128593750001 0.69228535625 0.221805384375 0.6475013015625 0.226416340625 0.6152149687499999 0.2248793734375 0.6297958015625 0.20336150156250002
0 0.623546940625 0.1034572 0.6006340578125 0.11729015625000001 0.5548083671875 0.16339983281249998 0.5350199921875001 0.1818436578125 0.524999975 0.205837175 0.5537668906250001 0.19875051562499998 0.5839701921875 0.1710847796875 0.6110489828125 0.129586 0.623546940625 0.1034572