0 0.25625 0.2703125 0.03984375 0.0328125
0 0.3078125 0.28984375 0.0421875 0.0546875
0 0.3359375 0.31875 0.02578125 0.0234375
0 0.39140625 0.3578125 0.0171875 0.02109375
0 0.38125 0.33671875 0.0109375 0.0296875
0 0.38515625 0.25078125 0.0296875 0.0234375
0 0.40078125 0.27109375 0.01640625 0.0265625
0 0.46953125 0.42265625 0.0953125 0.078125
0 0.63125 0.4625 0.05703125 0.05078125
0 0.6578125 0.4171875 0.0375 0.028125
0 0.6578125 0.38125 0.02265625 0.02109375
0 0.815625 0.6328125 0.36875 0.1625
0 0.78203125 0.503125 0.19375 0.09453125
0 0.7578125 0.434375 0.05234375 0.0375
0 0.9546875 0.54140625 0.0890625 0.059375
0 0.67890625 0.86015625 0.3078125 0.2796875
0 0.403125 0.575 0.1921875 0.16171875
0 0.54453125 0.465625 0.03671875 0.07421875