0 0.04609375 0.62421875 0.090625 0.09765625
0 0.0390625 0.39140625 0.07734375 0.06953125
0 0.25703125 0.30703125 0.04765625 0.0546875
0 0.3375 0.2375 0.0328125 0.07578125
0 0.4 0.20546875 0.07421875 0.0453125
0 0.26796875 0.2078125 0.04140625 0.0375
0 0.271875 0.39140625 0.0375 0.09375
0 0.71953125 0.3265625 0.10703125 0.20703125
0 0.45859375 0.27578125 0.02890625 0.0296875
0 0.47578125 0.22578125 0.028125 0.03125
0 0.725 0.19140625 0.03984375 0.05390625
0 0.56484375 0.2703125 0.04375 0.02734375
0 0.71171875 0.1390625 0.07421875 0.0546875
0 0.3328125 0.45 0.03671875 0.05078125